211 
-1 9.61528016643 7.96132886999 6.17737474529 5.55210402536 -1.47285854162 
-1 3.59497952555 2.94371905146 2.67078379209 2.71164955139 8.36512358341 
-1 2.64893228198 2.58012413707 2.85060896918 2.5445639941 2.45855923176 
-1 2.82094087172 2.36196718844 2.85060896918 2.62810677275 0.864234537858 
-1 2.73493657685 2.21652922269 2.67078379209 2.29393565816 0.684811583282 
-1 2.30491510251 1.92565329118 2.490958615 2.29393565816 -0.215336981342 
-1 2.21891080764 1.70749634255 1.77165790665 1.625593429 1.54805265263 
-1 1.53087644868 1.41662041104 1.68174531811 1.54205065035 -0.0780359136147 
-1 1.70288503842 1.48933939391 1.59183272957 1.29142231441 -0.111179443593 
1 1.27286356407 1.27118244528 1.50192014102 1.54205065035 -0.140911528656 
0 1.61688074355 1.78021532542 1.77165790665 2.29393565816 0.100035161665 
0 2.30491510251 1.92565329118 2.13130826083 2.04330732223 0.469804572993 
0 1.96089792303 1.63477735967 1.95148308374 1.79267898629 -0.178345489649 
0 1.87489362816 1.48933939391 1.8615704952 1.625593429 -0.782150075328 
0 1.61688074355 1.27118244528 1.77165790665 1.54205065035 -0.700424209889 
0 1.53087644868 1.19846346241 1.41200755248 1.12433675712 -0.438836227521 
0 0.928846384592 0.907587530896 1.14226978685 1.04079397847 -0.129973475918 
0 1.10085497433 0.834868548019 0.872532021219 0.790165642536 0.803464785672 
0 0.584829205114 0.689430582264 0.782619432675 0.957251199828 -0.867944806437 
0 0.756837794853 0.616711599387 0.872532021219 0.957251199828 -0.501802452867 
0 0.928846384592 0.689430582264 0.962444609762 0.70662286389 -0.69555770898 
1 0.928846384592 0.689430582264 0.782619432675 0.70662286389 -0.27538648081 
0 0.928846384592 0.907587530896 1.05235719831 1.12433675712 -0.347507653913 
0 1.35886785894 1.19846346241 1.41200755248 1.4585078717 -0.282233180649 
0 1.61688074355 1.48933939391 1.77165790665 1.625593429 0.0654921323759 
0 1.70288503842 1.41662041104 1.8615704952 1.79267898629 -0.66870266645 
0 1.87489362816 1.78021532542 2.04139567229 2.04330732223 0.791463219281 
0 1.44487215381 1.12574447953 0.962444609762 0.790165642536 0.658127840526 
0 0.842842089722 0.616711599387 0.548846702462 0.372451749306 1.04631032406 
0 0.326816320505 0.107678719246 0.171213830579 0.0215720789931 0.218665215437 
0 -0.103205153844 -0.241372398564 -0.242384076722 -0.245764812674 0.656910223215 
0 -0.498824910244 -0.503160736922 -0.458174289226 -0.563227371529 0.0272836847611 
1 -0.739636935879 -0.604967312951 -0.530104360061 -0.630061594445 -0.593284468743 
0 -0.670833499983 -0.444985550621 -0.458174289226 -0.412850369966 -0.265080054651 
0 -0.309615461531 -0.386810364319 -0.278349112139 -0.362724702778 -0.542313195897 
0 -0.533226628192 -0.561335923224 -0.54808687777 -0.663478705904 -0.732711902388 
0 -0.705235217931 -0.634054906102 -0.620016948605 -0.646770150175 -0.774886700364 
0 -0.722436076905 -0.73586148213 -0.853789678818 -0.930815597571 -0.11375621548 
0 -1.06645325638 -1.05582500679 -1.19545751528 -1.21486104497 0.215220701067 
0 -1.46207301278 -1.31761334515 -1.62703794029 -1.53232360382 0.409165114458 
1 -1.51367558971 -1.20126297254 -1.35730017466 -1.38194660226 -0.688927944761 
0 -1.47927387176 -1.09945639652 -1.35730017466 -1.13131826632 -0.394103837942 
0 -1.16965841023 -1.04128121021 -1.28537010383 -1.13131826632 -0.458335962003 
0 -1.22126098715 -1.12854398967 -1.15949247987 -1.26498671215 -0.783654074114 
0 -1.15245755125 -0.997649820488 -1.12352744445 -1.11460971059 -0.600114633855 
0 -1.20406012817 -1.01219361706 -1.10554492674 -1.0644840434 -0.93846277239 
0 -1.15245755125 -1.11400019309 -1.44721276321 -1.44878082518 0.00284469656982 
0 -1.66848332047 -1.4630513109 -1.71695052884 -1.66599204966 0.316899352513 
0 -1.78888933329 -1.53577029378 -1.69896801113 -1.58244927101 -0.424345853991 
0 -1.63408160252 -1.53577029378 -1.62703794029 -1.6325749382 -0.535875895903 
1 -1.75448761534 -1.50668270063 -1.645020458 -1.49890649236 -0.816968242478 
0 -1.53087644868 -0.779492871856 -1.37528269237 -0.797147151737 1.53662517196 
0 -0.636431782035 -0.357722771168 -0.476156806935 -0.462976037154 1.28880003513 
0 -0.653632641009 -0.706773888979 -1.05159737361 -1.09790115486 0.297230963813 
0 -1.15245755125 -1.04128121021 -1.10554492674 -1.0644840434 -0.569340860979 
0 -1.08365411536 -0.954018430761 -0.979667302779 -0.997649820488 -0.563855961272 
0 -0.980448961514 -0.997649820488 -1.08756240903 -1.03106693195 -0.715430466907 
0 -1.15245755125 -1.04128121021 -1.0156323382 -1.01435837622 -0.644671093937 
1 -1.10085497433 -1.04128121021 -1.06957989132 -1.13131826632 -0.819203076206 
0 -1.13525669228 -0.794036668431 -0.943702267362 -0.713604373091 -0.404440026609 
1 -0.791239512801 -0.677686295828 -0.620016948605 -0.696895817362 -0.891682722195 
0 -0.774038653827 -0.590423516375 -0.637999466313 -0.446267481424 -0.904427689921 
0 -0.3956197564 -0.41589795747 -0.278349112139 -0.379433258508 -0.758784521627 
0 -0.447222333322 -0.474073143772 -0.332296665265 -0.379433258508 -1.04461836657 
0 -0.430021474348 -0.401354160894 -0.242384076722 -0.279181924132 -0.773012985077 
0 -0.344017179479 -0.444985550621 -0.332296665265 -0.279181924132 -0.467217094676 
0 -0.430021474348 -0.474073143772 -0.440191771518 -0.496393148612 -0.66108743249 
0 -0.619230923061 -0.663142499252 -0.673964501731 -0.797147151737 -0.482729975736 
0 -0.860042948696 -0.561335923224 -0.727912054857 -0.462976037154 -0.463331433784 
0 -0.550427487166 -0.5758797198 -0.440191771518 -0.563227371529 -1.24509796554 
0 -0.636431782035 -0.677686295828 -0.566069395479 -0.613353038716 -1.07535510166 
0 -0.636431782035 -0.677686295828 -0.69194701944 -0.780438596008 -0.4767801195 
0 -0.774038653827 -0.779492871856 -0.709929537148 -0.797147151737 -0.922635070125 
0 -0.87724380767 -0.866755651309 -0.799842125692 -0.914107041842 -0.727448568026 
1 -1.1868592692 -1.05582500679 -0.979667302779 -1.0644840434 -0.740626745604 
0 -1.08365411536 -0.430441754045 -0.943702267362 -0.5465188158 1.68422208362 
1 -0.533226628192 -0.561335923224 -0.494139324644 -0.513101704341 -0.489533685284 
1 -0.533226628192 -0.25591619514 -0.440191771518 -0.12880492257 0.0654564173651 
0 -0.0688034358957 0.253116685001 0.0813012420352 0.539537306598 1.47009141388 
0 0.498824910244 0.471273633633 0.602794255588 0.455994527952 -0.0947723644869 
0 0.670833499983 0.471273633633 0.351039007666 0.272200414931 1.02553807698 
0 0.103205153844 -0.00867165335718 -0.0445763819258 -0.0285535881945 0.761841586196 
0 -0.103205153844 -0.241372398564 -0.134488970469 -0.279181924132 0.1268716853 
0 -0.326816320505 -0.372266567743 -0.602034430896 -0.563227371529 1.0022075769 
0 -0.688034358957 -0.648598702677 -0.835807161109 -0.9475241533 1.14936466481 
0 -1.03205153844 -0.852211854733 -0.871772196527 -0.763730040279 -0.0454195107391 
0 -0.774038653827 -0.750405278705 -0.673964501731 -0.646770150175 -0.110496228665 
0 -0.722436076905 -0.677686295828 -0.799842125692 -0.780438596008 -0.219089703027 
0 -0.791239512801 -0.721317685554 -0.637999466313 -0.663478705904 -0.197955014719 
0 -0.739636935879 -0.779492871856 -0.781859607983 -0.847272818925 -0.607850240629 
0 -0.928846384592 -0.924930837611 -0.835807161109 -0.9475241533 -0.571409686046 
0 -0.96324810254 -0.866755651309 -0.799842125692 -0.797147151737 -1.11437639646 
0 -0.842842089722 -0.881299447884 -0.96168478507 -1.0644840434 -0.410636580975 
0 -1.04925239741 -1.02673741364 -0.979667302779 -0.964232709029 -0.885213014136 
0 -0.997649820488 -0.794036668431 -0.835807161109 -0.74702148455 0.106936756798 
0 -0.756837794853 -0.779492871856 -0.673964501731 -0.780438596008 -0.729789224008 
0 -0.791239512801 -0.706773888979 -0.620016948605 -0.680187261633 0.290048278318 
1 -0.670833499983 -0.663142499252 -0.566069395479 -0.513101704341 -0.0617392864859 
0 -0.533226628192 1.34390142816 -0.350279182974 1.70913620764 10.3719678951 
1 1.78888933329 1.41662041104 0.872532021219 1.04079397847 5.20919509796 
0 0.842842089722 1.27118244528 0.962444609762 1.54205065035 4.1731886166 
1 1.70288503842 1.27118244528 1.50192014102 1.20787953577 1.20327845771 
0 0.842842089722 1.41662041104 1.14226978685 1.79267898629 1.79683481947 
0 1.87489362816 1.48933939391 1.77165790665 1.54205065035 0.410496490693 
1 1.44487215381 1.19846346241 1.05235719831 1.04079397847 0.972441099603 
1 1.1868592692 1.92565329118 1.41200755248 2.04330732223 4.73309879268 
0 2.30491510251 2.7982810857 2.58087120355 2.37747843681 6.21916269093 
0 2.82094087172 2.43468617132 2.58087120355 2.37747843681 0.84440543161 
0 2.64893228198 2.07109125693 1.68174531811 1.54205065035 2.18735399066 
0 1.61688074355 1.63477735967 1.77165790665 1.70913620764 1.12214651968 
1 1.53087644868 1.27118244528 1.50192014102 1.625593429 0.873933808833 
0 1.61688074355 1.8529343083 1.68174531811 2.37747843681 0.954823678465 
0 2.30491510251 1.8529343083 2.22122084937 2.12685010087 0.3207307795 
0 2.21891080764 1.70749634255 1.68174531811 1.54205065035 0.598155723581 
0 1.61688074355 1.34390142816 1.68174531811 1.4585078717 -0.813026363513 
1 1.70288503842 1.34390142816 1.77165790665 1.54205065035 -0.897932187687 
0 1.35886785894 1.70749634255 1.68174531811 1.95976454358 -0.282614802153 
0 1.96089792303 1.8529343083 2.22122084937 2.12685010087 -0.238867882315 
0 2.0469022179 1.63477735967 1.95148308374 1.625593429 0.00396376690675 
0 1.78888933329 1.48933939391 1.68174531811 1.4585078717 -0.484806076083 
0 1.44487215381 1.12574447953 1.23218237539 1.04079397847 -0.271485607969 
0 0.928846384592 0.907587530896 1.14226978685 1.12433675712 -0.74812160675 
0 1.1868592692 0.980306513773 1.41200755248 1.20787953577 -0.76908764084 
1 1.10085497433 0.834868548019 1.05235719831 0.873708421182 -0.385722054029 
0 0.842842089722 1.05302549665 1.14226978685 1.4585078717 -0.470453932873 
0 1.35886785894 1.12574447953 1.41200755248 1.37496509306 -0.800454018339 
0 1.27286356407 0.980306513773 1.23218237539 1.04079397847 -0.364738162434 
0 1.1868592692 0.907587530896 1.23218237539 1.04079397847 -0.678691625846 
0 1.01485067946 0.907587530896 1.14226978685 1.20787953577 0.0521684491978 
0 1.10085497433 0.834868548019 1.14226978685 1.04079397847 -0.702535363858 
0 0.928846384592 0.762149565142 1.14226978685 0.873708421182 -0.594822198373 
0 0.928846384592 0.907587530896 1.14226978685 0.957251199828 -0.803195476109 
0 1.01485067946 0.689430582264 0.692706844132 0.623080085244 0.0491902141344 
0 0.498824910244 0.325835667878 0.422969078501 0.322326082119 -0.328077365285 
0 0.240812025635 0.325835667878 0.315073972248 0.455994527952 -0.601553155122 
0 0.498824910244 0.325835667878 0.602794255588 0.539537306598 -1.10521020509 
0 0.584829205114 0.689430582264 0.782619432675 0.790165642536 0.335156998288 
0 0.842842089722 0.834868548019 0.782619432675 0.539537306598 1.08281701756 
0 0.670833499983 0.54399261651 0.602794255588 0.455994527952 0.0823185321641 
0 0.412820615374 0.253116685001 0.369021525375 0.171949080556 -0.157384746671 
0 0.120406012817 -0.0523030430835 -0.134488970469 -0.245764812674 0.703809984835 
0 -0.258012884609 -0.226828601989 -0.0625588996345 -0.11209636684 -0.870614172796 
0 -0.137606871791 -0.197741008838 -0.224401559013 -0.379433258508 -0.254309994742 
1 -0.3956197564 -0.41589795747 -0.296331629848 -0.396141814237 -0.524068777904 
1 -0.464423192296 -0.270459991715 -0.224401559013 -0.178930589757 -0.796246260961 
0 -0.0516025769218 0.398554650755 0.117266277453 0.455994527952 0.438635950831 
0 0.412820615374 0.471273633633 0.494899149336 0.790165642536 -0.200116434259 
0 0.670833499983 0.689430582264 0.782619432675 0.790165642536 0.0195870999439 
0 0.842842089722 0.689430582264 0.782619432675 0.623080085244 -0.0475194210936 
0 0.137606871791 -0.0377592465081 0.027353688909 -0.0786792553821 0.88143528387 
0 -0.206410307687 -0.0959344328099 0.027353688909 0.0382806347223 -0.186897250557 
0 -0.0516025769218 -0.110478229385 0.0633187243265 -0.0619706996529 0.0946309514266 
0 0.0172008589739 -0.154109619112 -0.0086113465084 -0.145513478299 -0.112724448503 
0 -0.223611166661 -0.270459991715 -0.116506452761 -0.0786792553821 -0.629662191362 
0 -0.412820615374 -0.430441754045 -0.422209253809 -0.5465188158 -0.247948754493 
0 -0.533226628192 -0.590423516375 -0.440191771518 -0.429558925695 -0.658613837301 
0 -0.447222333322 -0.459529347196 -0.458174289226 -0.52981026007 -0.291847132432 
0 -0.653632641009 -0.721317685554 -0.727912054857 -0.74702148455 0.160705705487 
0 -0.756837794853 -0.794036668431 -0.709929537148 -0.780438596008 -0.790204471642 
0 -0.825641230748 -0.750405278705 -0.458174289226 -0.613353038716 -0.498807021687 
0 -0.550427487166 -0.503160736922 -0.476156806935 -0.5465188158 -0.242399038656 
0 -0.722436076905 -0.619511109526 -1.41124772779 -1.41536371372 3.94828325722 
0 -1.32446614099 -1.12854398967 -1.17747499757 -1.0644840434 0.0370027974095 
0 -1.10085497433 -1.09945639652 -1.46519528091 -1.33182093507 0.989296600511 
0 -1.42767129484 -1.36124473487 -1.46519528091 -1.41536371372 -0.295095875633 
0 -1.47927387176 -1.07036880337 -1.28537010383 -1.2315696007 -0.381564562222 
0 -1.39326957689 -1.3467009383 -1.4292302455 -1.43207226945 -0.41240976512 
0 -1.54807730765 -1.25943815885 -1.37528269237 -1.19815248924 -0.785207677082 
0 -1.2556627051 -1.23035056569 -1.35730017466 -1.36523804653 -0.65736711887 
0 -1.46207301278 -1.14308778624 -1.37528269237 -1.11460971059 0.177426283021 
0 -1.29006442304 -1.07036880337 -1.15949247987 -1.01435837622 0.0875924487519 
1 -1.11805583331 -1.11400019309 -1.05159737361 -1.14802682205 -0.769815830226 
0 -1.11805583331 -0.459529347196 -0.96168478507 -0.396141814237 1.54702816093 
0 -0.309615461531 -0.430441754045 -0.530104360061 -0.396141814237 0.18042237559 
0 -0.447222333322 -0.488616940347 -0.4042267361 -0.462976037154 -0.920719025937 
0 -0.464423192296 -0.401354160894 -0.350279182974 -0.412850369966 -0.586940424611 
0 -0.516025769218 -0.546792126649 -0.512121842352 -0.630061594445 -0.769432224555 
0 -0.584829205114 -0.41589795747 -0.386244218391 -0.479684592883 -0.453528324722 
0 -0.584829205114 -0.561335923224 -0.4042267361 -0.479684592883 -1.24448882619 
0 -0.533226628192 -0.444985550621 -0.332296665265 -0.32930759132 -0.62289750377 
0 -0.3956197564 -0.488616940347 -0.494139324644 -0.630061594445 -0.651632214088 
0 -0.705235217931 -0.692230092403 -0.709929537148 -0.646770150175 -0.762178770427 
0 -0.722436076905 -0.721317685554 -0.745894572566 -0.863981374654 -0.702767511428 
0 -0.808440371775 -0.692230092403 -0.69194701944 -0.696895817362 -0.983676653225 
0 -0.756837794853 -0.546792126649 -0.530104360061 -0.479684592883 -0.628900271133 
0 -0.550427487166 -0.604967312951 -0.494139324644 -0.5465188158 -0.794649006314 
0 -0.722436076905 -0.779492871856 -1.0156323382 -1.01435837622 -0.498264682635 
0 -1.39326957689 -1.24489436227 -1.30335262154 -1.26498671215 -0.0984966464416 
0 -1.37606871791 -1.33215714172 -1.69896801113 -1.56574071528 0.40309422402 
1 -1.59967988458 -1.37578853145 -1.60905542258 -1.44878082518 -0.0889766119086 
0 -1.61688074355 -1.30306954857 -1.62703794029 -1.28169526788 -0.216373378042 
0 -1.27286356407 -1.12854398967 -1.44721276321 -1.48219793663 0.458746808831 
0 -1.2556627051 -1.15763158282 -1.28537010383 -1.21486104497 0.286042244611 
0 -1.32446614099 -1.17217537939 -1.28537010383 -1.09790115486 -0.38638145895 
0 -1.22126098715 -1.15763158282 -1.19545751528 -1.29840382361 -0.966866126775 
0 -1.53087644868 -1.25943815885 -1.37528269237 -1.2315696007 -0.972021654716 
0 -1.30726528202 -1.24489436227 -1.30335262154 -1.39865515799 -0.911175842786 
0 -1.53087644868 -1.4048761246 -1.4292302455 -1.43207226945 -0.943792907051 
0 -1.54807730765 -1.36124473487 -1.41124772779 -1.36523804653 -1.1242661475 
0 -1.42767129484 -1.36124473487 -1.39326521008 -1.38194660226 -1.13199580177 
1 -1.39326957689 -1.18671917597 -1.24940506841 -1.11460971059 -0.454072647941 
0 -1.29006442304 -0.721317685554 -1.12352744445 -0.613353038716 0.131392941106 
0 -0.774038653827 -0.677686295828 -0.727912054857 -0.713604373091 -0.664657610788 
0 -0.705235217931 -0.546792126649 -0.673964501731 -0.613353038716 -0.634011486005 
0 -0.688034358957 -0.590423516375 -0.54808687777 -0.513101704341 -1.03015709416 
0 -0.516025769218 -0.532248330073 -0.368261700683 -0.496393148612 -0.542672330172 
0 -0.464423192296 -0.503160736922 -0.368261700683 -0.429558925695 -0.682896737668 
0 -0.670833499983 -0.73586148213 -0.763877090274 -0.74702148455 -0.234649542712 
0 -0.87724380767 -0.89584324446 -0.799842125692 -0.797147151737 -1.14740881308 
0 -0.842842089722 -0.721317685554 -0.655981984022 -0.680187261633 -1.214691925 
0 -0.860042948696 -0.852211854733 -0.907737231944 -0.9475241533 -0.938210121759 
9810.0 9925.96244131 9664.78873239 9777.08920188 2544954.9061 
581.3663152030994 687.5783739220019 556.0956570143325 598.4957743850597 1511969.3053879542 
