927 
-1 -0.322622745594 -0.251639905306 -0.341729381644 -0.255906945745 72.0778184097 
-1 -0.210634421002 -0.173641055726 -0.223540134354 -0.208277785236 38.7830447615 
-1 -0.185748126648 -0.183000917676 -0.249233448982 -0.204875702343 25.6467613889 
-1 -0.195080487031 -0.198600687592 -0.252659224266 -0.247401738511 7.97775170078 
-1 -0.230854535164 -0.201720641575 -0.266362325401 -0.230391324044 9.44498872516 
-1 -0.191969700237 -0.211080503525 -0.216688583786 -0.235494448384 0.667826922659 
-1 -0.213745207796 -0.228240250432 -0.264649437759 -0.279721525999 6.43106520005 
-1 -0.251074649327 -0.264119721239 -0.285204089462 -0.28992777468 3.64775523913 
-1 -0.252630042724 -0.183000917676 -0.280065426536 -0.201473619449 9.85006646401 
0 -0.196635880428 -0.207960549542 -0.228678797279 -0.235494448384 2.79243197019 
0 -0.213745207796 -0.20640057255 -0.230391684921 -0.220185075363 2.06315835124 
0 -0.202857454016 -0.204840595558 -0.233817460205 -0.245700697065 2.20505969964 
1 -0.221522174782 -0.226680273441 -0.238956123131 -0.252504862852 -0.319275525826 
0 -0.235520715356 -0.226680273441 -0.242381898414 -0.235494448384 0.531464119482 
0 -0.212189814399 -0.229800227424 -0.228678797279 -0.238896531278 -0.903114586485 
0 -0.21685599459 -0.23604013539 -0.242381898414 -0.255906945745 -0.407892249458 
0 -0.230854535164 -0.237600112382 -0.244094786056 -0.259309028638 0.165633658019 
0 -0.23863150215 -0.254759859289 -0.268075213043 -0.274618401659 0.494126685279 
0 -0.244853075738 -0.253199882298 -0.271500988327 -0.28992777468 -0.0426347409499 
0 -0.258851616312 -0.256319836281 -0.276639651252 -0.293329857573 0.771722391746 
1 -0.265073189901 -0.264119721239 -0.317748954657 -0.323948603615 3.13114265847 
0 -0.289959484255 -0.267239675222 -0.309184516448 -0.279721525999 3.2102101662 
1 -0.254185436121 -0.264119721239 -0.27492676361 -0.281422567446 0.716623415952 
1 -0.255740829518 -0.250079928315 -0.266362325401 -0.261010070085 1.52897521331 
0 -0.235520715356 -0.226680273441 -0.24752056134 -0.238896531278 2.82442184348 
0 -0.215300601193 -0.211080503525 -0.237243235489 -0.22698924115 1.53909738217 
1 -0.202857454016 -0.214200457508 -0.228678797279 -0.218484033917 0.424703885623 
0 -0.191969700237 -0.183000917676 -0.209837033219 -0.203174660896 1.92307135386 
0 -0.16863879928 -0.125281768987 -0.216688583786 -0.22188611681 3.76903028118 
1 -0.195080487031 -0.211080503525 -0.221827246712 -0.233793406937 0.0920092033631 
0 -0.224632961576 -0.192360779626 -0.228678797279 -0.223587158257 1.4358703582 
1 -0.207523634208 -0.222000342466 -0.221827246712 -0.22698924115 -0.0227723718598 
0 -0.199746667222 -0.181440940684 -0.206411257935 -0.196370495109 1.41782234013 
0 -0.174860372868 -0.184560894668 -0.196133932084 -0.201473619449 -0.0223904032234 
0 -0.171749586074 -0.190800802634 -0.206411257935 -0.198071536556 0.252913491425 
1 -0.174860372868 -0.192360779626 -0.199559707367 -0.201473619449 -1.06306395296 
1 -0.191969700237 -0.172081078735 -0.197846819725 -0.177659039195 0.320235463581 
0 -0.154640258706 -0.140881538903 -0.168727729813 -0.136834044473 0.16973982086 
0 -0.121976997366 -0.139321561911 -0.15673751632 -0.150442376047 -0.0557171667448 
0 -0.139086324735 -0.148681423861 -0.15673751632 -0.175957997748 -1.64270135862 
1 -0.160861832294 -0.154921331827 -0.167014842171 -0.186164246428 -1.19694396 
0 -0.176415766265 -0.179880963693 -0.189282381516 -0.177659039195 -1.04367904466 
0 -0.1577510455 -0.172081078735 -0.177292168023 -0.170854873408 -1.67488221623 
0 -0.165528012486 -0.172081078735 -0.1927081568 -0.204875702343 -1.13458758011 
0 -0.195080487031 -0.189240825642 -0.213262808502 -0.204875702343 0.400257892897 
0 -0.195080487031 -0.193920756617 -0.204698370293 -0.196370495109 0.255014318925 
0 -0.187303520045 -0.192360779626 -0.189282381516 -0.201473619449 -1.16810532795 
0 -0.191969700237 -0.20640057255 -0.199559707367 -0.218484033917 -1.32137024329 
1 -0.209079027605 -0.214200457508 -0.221827246712 -0.235494448384 -1.01703673228 
0 -0.235520715356 -0.212640480516 -0.240669010773 -0.218484033917 -1.43624731067 
0 -0.193525093634 -0.200160664584 -0.194421044442 -0.199772578002 -0.9831370158 
0 -0.181081946457 -0.190800802634 -0.194421044442 -0.209978826683 -1.69999665407 
1 -0.184192733251 -0.193920756617 -0.201272595009 -0.199772578002 -1.36558311294 
0 -0.17952655306 -0.17676100971 -0.180717943307 -0.174256956301 -1.24908267886 
0 -0.156195652103 -0.175201032718 -0.173866392739 -0.187865287875 -1.64346529589 
1 -0.170194192677 -0.179880963693 -0.185856606232 -0.181061122088 -1.40368448442 
0 -0.165528012486 -0.162721216785 -0.179005055665 -0.164050707621 -1.44646497169 
0 -0.142197111529 -0.161161239794 -0.182430830948 -0.201473619449 -1.42555218885 
1 -0.187303520045 -0.195480733609 -0.206411257935 -0.220185075363 -1.55198380748 
0 -0.198191273825 -0.198600687592 -0.213262808502 -0.199772578002 -1.24507200818 
0 -0.181081946457 -0.200160664584 -0.216688583786 -0.230391324044 -1.18634433034 
0 -0.204412847413 -0.223560319457 -0.223540134354 -0.230391324044 -1.57681176884 
0 -0.205968240811 -0.222000342466 -0.238956123131 -0.252504862852 -1.20935794068 
0 -0.223077568179 -0.237600112382 -0.235530347847 -0.252504862852 -1.9188646827 
1 -0.226188354973 -0.232920181407 -0.242381898414 -0.249102779958 -1.47167490169 
0 -0.232409928561 -0.222000342466 -0.240669010773 -0.238896531278 -1.65836207271 
0 -0.204412847413 -0.211080503525 -0.221827246712 -0.21678299247 -1.698755256 
0 -0.191969700237 -0.20640057255 -0.213262808502 -0.228690282597 -1.89012154281 
0 -0.209079027605 -0.214200457508 -0.213262808502 -0.22698924115 -1.79768513281 
0 -0.213745207796 -0.225120296449 -0.233817460205 -0.228690282597 -1.55141085453 
1 -0.224632961576 -0.232920181407 -0.249233448982 -0.264412152979 -1.23600025306 
0 -0.232409928561 -0.195480733609 -0.249233448982 -0.201473619449 -0.664193204449 
1 -0.191969700237 -0.184560894668 -0.204698370293 -0.198071536556 -1.05599753318 
0 -0.181081946457 -0.186120871659 -0.189282381516 -0.186164246428 -1.43815715385 
0 -0.163972619088 -0.179880963693 -0.194421044442 -0.201473619449 -1.42087307306 
1 -0.181081946457 -0.187680848651 -0.187569493874 -0.186164246428 -1.82690573349 
0 -0.176415766265 -0.142441515895 -0.187569493874 -0.136834044473 -0.354798609006 
0 -0.125087784161 -0.142441515895 -0.139608639901 -0.150442376047 -1.70448478554 
0 -0.13597553794 -0.144001492886 -0.149885965753 -0.145339251707 -1.80016792895 
1 -0.131309357749 -0.150241400853 -0.185856606232 -0.201473619449 -0.19332136799 
0 -0.185748126648 -0.170521101743 -0.185856606232 -0.182762163535 -0.915528567166 
0 -0.151529471912 -0.170521101743 -0.199559707367 -0.187865287875 -1.18892261863 
0 -0.182637339854 -0.179880963693 -0.185856606232 -0.198071536556 -1.59008517896 
0 -0.173304979471 -0.192360779626 -0.209837033219 -0.223587158257 -1.53460423453 
0 -0.196635880428 -0.195480733609 -0.209837033219 -0.204875702343 -1.40845909237 
0 -0.191969700237 -0.200160664584 -0.22011435907 -0.215081951023 -1.40530785112 
0 -0.195080487031 -0.198600687592 -0.223540134354 -0.206576743789 -1.73733408827 
0 -0.187303520045 -0.201720641575 -0.209837033219 -0.22188611681 -1.88744776236 
1 -0.201302060619 -0.211080503525 -0.213262808502 -0.232092365491 -1.8049425369 
0 -0.210634421002 -0.195480733609 -0.213262808502 -0.194669453662 -1.37541880533 
0 -0.191969700237 -0.1970407106 -0.194421044442 -0.206576743789 -2.15492129996 
1 -0.182637339854 -0.184560894668 -0.185856606232 -0.201473619449 -1.95285989133 
0 -0.181081946457 -0.173641055726 -0.1927081568 -0.170854873408 -1.74898413168 
0 -0.154640258706 -0.173641055726 -0.185856606232 -0.201473619449 -1.73294144895 
0 -0.185748126648 -0.189240825642 -0.202985482651 -0.191267370769 -1.69054293032 
0 -0.185748126648 -0.189240825642 -0.187569493874 -0.201473619449 -2.10115921439 
0 -0.17952655306 -0.184560894668 -0.185856606232 -0.186164246428 -2.00413918076 
0 -0.173304979471 -0.192360779626 -0.196133932084 -0.206576743789 -1.91399458258 
0 -0.170194192677 -0.189240825642 -0.189282381516 -0.203174660896 -1.79835357793 
0 -0.188858913442 -0.195480733609 -0.196133932084 -0.201473619449 -1.6751686927 
0 -0.182637339854 -0.189240825642 -0.1927081568 -0.192968412215 -1.71432047793 
0 -0.176415766265 -0.189240825642 -0.190995269158 -0.209978826683 -1.90358593724 
0 -0.190414306839 -0.195480733609 -0.1927081568 -0.199772578002 -1.83234878656 
1 -0.181081946457 -0.192360779626 -0.185856606232 -0.201473619449 -2.07948249428 
0 -0.176415766265 -0.142441515895 -0.18414371859 -0.136834044473 -0.602696253996 
0 -0.134420144543 -0.150241400853 -0.194421044442 -0.204875702343 0.147872116429 
0 -0.182637339854 -0.1970407106 -0.223540134354 -0.238896531278 0.902833126173 
0 -0.223077568179 -0.220440365474 -0.226965909638 -0.228690282597 -0.948186885574 
0 -0.213745207796 -0.223560319457 -0.225253021996 -0.233793406937 -1.29501440738 
1 -0.224632961576 -0.243840020348 -0.259510774833 -0.269515277319 -1.00233093978 
0 -0.235520715356 -0.229800227424 -0.244094786056 -0.233793406937 -1.31936490795 
0 -0.202857454016 -0.198600687592 -0.213262808502 -0.201473619449 -0.289768448668 
0 -0.188858913442 -0.195480733609 -0.197846819725 -0.201473619449 -1.69216629702 
1 -0.182637339854 -0.183000917676 -0.1927081568 -0.184463204982 -1.45458180521 
0 -0.181081946457 -0.17676100971 -0.182430830948 -0.179360080641 -1.61577256975 
0 -0.162417225691 -0.173641055726 -0.168727729813 -0.184463204982 -1.80054989759 
1 -0.177971159662 -0.181440940684 -0.189282381516 -0.201473619449 -1.53947433464 
0 -0.176415766265 -0.168961124752 -0.187569493874 -0.167452790514 -1.28183648942 
0 -0.143752504926 -0.162721216785 -0.161876179246 -0.170854873408 -1.71460695441 
0 -0.1577510455 -0.16740114776 -0.158450403962 -0.170854873408 -1.93395244383 
0 -0.151529471912 -0.170521101743 -0.170440617455 -0.187865287875 -2.02333310474 
1 -0.176415766265 -0.186120871659 -0.196133932084 -0.208277785236 -1.74191771191 
0 -0.188858913442 -0.173641055726 -0.196133932084 -0.174256956301 -1.56325188225 
0 -0.1577510455 -0.161161239794 -0.185856606232 -0.169153831961 -1.84877343793 
0 -0.151529471912 -0.16740114776 -0.167014842171 -0.184463204982 -2.07193861371 
0 -0.185748126648 -0.198600687592 -0.194421044442 -0.209978826683 -0.918584316257 
0 -0.174860372868 -0.192360779626 -0.190995269158 -0.209978826683 -1.20353291897 
0 -0.184192733251 -0.192360779626 -0.187569493874 -0.204875702343 -1.74363657077 
0 -0.177971159662 -0.189240825642 -0.18414371859 -0.196370495109 -1.5790080885 
0 -0.16863879928 -0.170521101743 -0.177292168023 -0.177659039195 -1.41991815146 
0 -0.160861832294 -0.173641055726 -0.185856606232 -0.204875702343 -1.03212449341 
0 -0.181081946457 -0.192360779626 -0.180717943307 -0.198071536556 -2.12932940132 
0 -0.182637339854 -0.181440940684 -0.1927081568 -0.203174660896 -1.34295147124 
0 -0.187303520045 -0.187680848651 -0.189282381516 -0.194669453662 -1.69913722464 
0 -0.176415766265 -0.186120871659 -0.182430830948 -0.187865287875 -1.92593110247 
0 -0.162417225691 -0.181440940684 -0.172153505097 -0.179360080641 -1.67239942009 
0 -0.154640258706 -0.170521101743 -0.170440617455 -0.170854873408 -1.60163973021 
0 -0.148418685117 -0.16740114776 -0.172153505097 -0.169153831961 -1.55398914282 
0 -0.154640258706 -0.150241400853 -0.160163291604 -0.158947583281 -1.681948636 
0 -0.142197111529 -0.150241400853 -0.161876179246 -0.165751749068 -1.24392610227 
0 -0.154640258706 -0.162721216785 -0.160163291604 -0.170854873408 -1.88295963088 
1 -0.156195652103 -0.170521101743 -0.182430830948 -0.191267370769 -1.08865585159 
0 -0.170194192677 -0.159601262802 -0.177292168023 -0.170854873408 -1.35584291272 
1 -0.154640258706 -0.161161239794 -0.151598853395 -0.158947583281 -1.88572890349 
0 -0.1577510455 -0.109681999071 -0.15673751632 -0.102813215538 -1.14146301557 
0 -0.101756883204 -0.112801953054 -0.110489549989 -0.126627795792 -1.19933126397 
0 -0.0955353096154 -0.0972021831383 -0.12933131405 -0.131730920133 -1.24297118068 
0 -0.114200030381 -0.123721791995 -0.132757089334 -0.13853508592 -1.52753781476 
0 -0.118866210572 -0.129961699962 -0.127618426408 -0.135133003026 -1.84418981429 
0 -0.125087784161 -0.126841745979 -0.137895752259 -0.155545500387 -1.62713613668 
0 -0.140641718132 -0.144001492886 -0.146460190469 -0.15384445894 -1.82881557668 
1 -0.134420144543 -0.147121446869 -0.163589066888 -0.181061122088 -0.304760717644 
0 -0.162417225691 -0.161161239794 -0.161876179246 -0.160648624727 -1.81162698804 
0 -0.145307898323 -0.142441515895 -0.155024628678 -0.150442376047 -1.64757145873 
0 -0.13597553794 -0.140881538903 -0.146460190469 -0.14363821026 -1.8831506152 
0 -0.132864751146 -0.140881538903 -0.139608639901 -0.157246541834 -1.45849698374 
0 -0.13597553794 -0.154921331827 -0.153311741036 -0.169153831961 -1.57642980021 
0 -0.154640258706 -0.165841170768 -0.15673751632 -0.169153831961 -1.86978171292 
0 -0.153084865309 -0.161161239794 -0.153311741036 -0.170854873408 -1.80370113884 
1 -0.14686329172 -0.162721216785 -0.151598853395 -0.167452790514 -1.34667566544 
0 -0.151529471912 -0.145561469878 -0.148173078111 -0.147040293153 -1.60402703418 
0 -0.125087784161 -0.126841745979 -0.127618426408 -0.121524671452 -1.56191499203 
0 -0.112644636984 -0.123721791995 -0.124192651124 -0.121524671452 -1.60068480862 
1 -0.114200030381 -0.131521676953 -0.125905538766 -0.133431961579 -1.54577681714 
1 -0.129753964352 -0.125281768987 -0.125905538766 -0.121524671452 -1.3593761226 
1 -0.107978456792 -0.0925222521635 -0.103637999422 -0.101112174091 -0.368835956392 
1 -0.0830921624385 -0.0784824592391 -0.0882220106447 -0.0704934280498 -0.501665549682 
0 -0.062872048276 -0.0379230574577 -0.0608158083746 -0.0313694747746 -0.514843467636 
0 -0.0146548529655 -0.0207633105501 -0.0419740443138 -0.0313694747746 -0.842381573305 
1 0.000899081005651 -0.00516354063418 -0.0145678420436 0.000950312713521 -1.27944918545 
0 -0.00998867277415 0.0151161602566 0.00769969730088 0.0315690587549 -1.45572771112 
0 0.0226745885652 0.00887625229017 0.0231156860779 0.0196617686277 -1.72587502918 
0 0.0180084083739 0.0166761372481 0.0145512478684 0.017960727181 -1.02906874432 
0 0.0148976215797 0.0104362292818 -0.00600340383421 -0.0228642675409 -0.181957801058 
0 -0.0177656397597 -0.0223232875417 -0.0402611566719 -0.0585861379226 -0.631152917404 
1 -0.0395411473193 -0.0410430114409 -0.0351224937463 -0.0483798892421 -1.35765726374 
0 -0.0395411473193 -0.0316831494913 -0.0368353813882 -0.0160601017539 -1.45591869544 
0 -0.0146548529655 -0.0332431264829 -0.0299838308206 -0.0500809306888 -1.06019918818 
1 -0.0457627209078 -0.051962850382 -0.0728060218678 -0.0517819721356 -0.782507989558 
0 -0.034874967128 -0.0270032185165 -0.0453998195976 -0.0313694747746 -1.41982265931 
0 -0.0146548529655 -0.0238832645333 -0.0265580555368 -0.0381736405616 -1.3099111842 
0 -0.0177656397597 -0.0332431264829 -0.0231322802531 -0.0245653089877 -1.36338679329 
0 -0.0146548529655 -0.0332431264829 -0.0505384825232 -0.0568850964758 -0.780502654217 
1 -0.0395411473193 -0.0582027583484 -0.0488255948814 -0.0653903037095 -1.45868796805 
0 -0.0613166548789 -0.0457229424156 -0.0556771454489 -0.0313694747746 -1.16466761022 
0 -0.0270980001424 -0.0207633105501 -0.0231322802531 -0.0279673918811 -0.918775300575 
0 -0.0286533935395 -0.0457229424156 -0.03854826903 -0.0415757234551 -0.687875259902 
1 -0.034874967128 -0.051962850382 -0.0488255948814 -0.0670913451563 -0.476933080479 
1 -0.0613166548789 -0.0488428963988 -0.0591029207327 -0.0466788477953 -0.715377001719 
1 -0.0426519341135 -0.00984347160896 -0.0282709431787 -0.0126580188604 -0.0971607637887 
0 -0.00998867277415 0.0104362292818 -0.0128549544018 0.0264659344147 -0.703535973992 
1 0.0491162763162 0.0307159301725 0.0231156860779 0.00945551994725 -1.13114986238 
0 0.019563801771 0.0665954009792 0.0231156860779 0.084301343604 -0.547597278203 
0 0.0817795376556 0.0806351939035 0.0779280906182 0.0877034264975 -1.23342196477 
1 0.0911118980383 0.0868751018699 0.0899183041114 0.0791982192638 -1.06449633534 
0 0.0911118980383 0.0977949408111 0.101908517605 0.125126338326 -1.34342893204 
0 0.117553585789 0.113394710727 0.129314719875 0.123425296879 -1.49459301987 
1 0.109776618804 0.167993905433 0.0830667535439 0.0808992607105 0.134980674952 
0 0.07400257067 0.108714779752 0.0950569670371 0.0928065508378 -0.389175786277 
0 0.111332012201 0.122754572677 0.117324506382 0.114920089645 -0.00873502447394 
0 0.109776618804 0.144594250559 0.112185843456 0.101311758071 0.634691143456 
0 0.106665832009 0.119634618693 0.0933440793952 0.104713840965 -0.115399766174 
0 0.112887405598 0.110274756744 0.103621405246 0.101311758071 -0.653020621835 
0 0.103555045215 0.0853151248783 0.0625121018412 0.0468784317756 -0.0354728290184 
1 0.0522270631104 0.0790752169119 0.0727894276925 0.101311758071 -1.02353019909 
0 0.0708917838758 0.105594825769 0.0950569670371 0.121724255432 -1.16189833761 
1 0.120664372583 0.124314549668 0.129314719875 0.130229462666 -0.716904876265 
0 0.103555045215 0.144594250559 0.132740495159 0.165951333048 -0.313355011962 
0 0.153327633923 0.163313974458 0.137879158084 0.137033628453 -0.499373737864 
0 0.134662913157 0.130554457635 0.137879158084 0.14383779424 -1.56048260964 
0 0.140884486746 0.12587452666 0.096769854679 0.0962086337312 -0.143665445264 
0 0.0848903244498 0.0946749868279 0.0796409782601 0.101311758071 -0.810296207852 
0 0.0942226848325 0.0884350788615 0.0847796411858 0.0672909291366 -1.03699459353 
0 0.0677809970816 0.0884350788615 0.0916311917533 0.0894044679443 -1.09954195773 
1 0.0786687508614 0.0759552629288 0.0830667535439 0.0723940534768 5.27150391225 
0 0.0786687508614 0.108714779752 0.105334292888 0.111518006752 3.51826787141 
0 0.112887405598 0.0993549178027 0.0882054164695 0.0689919705833 0.974070276852 
0 0.07400257067 0.0697153549624 0.0864925288276 0.0757961363703 -0.806476521488 
1 0.0568932433018 0.0525556080548 0.0539476636318 0.0502805146691 0.359387248807 
0 0.0506716697133 0.063475446996 0.0642249894831 0.0808992607105 2.06688254545 
0 0.0786687508614 0.0603554930128 0.0830667535439 0.0672909291366 -1.22473217829 
0 0.0662256036844 0.0572355390296 0.0590863265575 0.0383732245419 -1.18338407341 
0 0.0273407687566 0.0244760222061 -0.0214193926112 -0.0177611432007 4.21879835048 
0 -0.00843327937703 0.0291559531809 0.00256103437522 0.0162596857342 2.13229467442 
1 0.00712065459411 0.0010763673322 -0.03854826903 -0.0381736405616 2.02715780727 
1 -0.0364303605251 0.0166761372481 -0.0214193926112 0.017960727181 -0.0440671233362 
0 0.019563801771 0.04787567708 0.0385316748548 0.0570846804561 0.0519979887055 
0 0.0553378499046 0.0587955160212 0.0642249894831 0.0519815561159 -0.697233491493 
0 0.0646702102873 0.0463157000884 0.0573734389156 0.0621878047963 0.279364819492 
0 0.0646702102873 0.0587955160212 0.0745023153344 0.0740950949236 -1.01102072625 
0 0.0693363904787 0.0525556080548 0.0590863265575 0.0621878047963 -0.991062865004 
0 0.00400986779988 0.0182361142397 -0.0145678420436 -0.0194621846474 9.39810207505 
0 -0.00843327937703 -0.0207633105501 -0.0265580555368 -0.00925593596695 1.85355306204 
1 -0.00221170578858 -0.0176433565669 -0.0368353813882 -0.0313694747746 3.5659184588 
0 -0.0317641803337 -0.0207633105501 -0.0214193926112 -0.0126580188604 0.189506697791 
0 -0.00998867277415 -0.0145234025837 -0.0145678420436 0.00265135416027 -0.429187000935 
0 -0.00532249258281 -0.00360356364259 0.0111254725847 0.00265135416027 -0.744215633764 
0 0.000899081005651 -0.00204358665099 0.0145512478684 -0.000750728733224 -0.854318093191 
0 0.000899081005651 -0.0160833795753 -0.0488255948814 -0.068792386603 2.28794689373 
0 -0.0535396878933 -0.0691225972896 -0.100212224138 -0.0670913451563 3.94387642446 
0 -0.0550950812905 -0.0738025282644 -0.0728060218678 -0.07559655239 -0.193130383671 
1 -0.0644274416731 -0.0691225972896 -0.0779446847934 -0.0858028010705 0.223215429949 
1 -0.0862029492327 -0.0472829194072 -0.0762317971515 -0.0330705162214 0.478656955507 
0 -0.0239872133482 0.0119962062734 -0.024845167895 0.0145586442875 2.0548505334 
0 0.019563801771 0.0213560682229 0.0333930119292 0.0366721830952 1.2829874115 
0 0.0351177357422 0.0260359991977 0.0282543490035 0.0349711416484 -0.636214001836 
1 0.0288961621537 0.0151161602566 0.00941258494276 0.00265135416027 -0.254627334124 
0 -0.00843327937703 0.0182361142397 0.00941258494276 0.024764892968 -0.197236546512 
0 0.0304515555508 0.0119962062734 -0.000864740908552 -0.0177611432007 -0.326532929916 
1 -0.0239872133482 -0.0285631955081 -0.0316967184625 -0.0211632260942 -0.717764305696 
0 -0.0255426067453 -0.0114034486006 -0.00942917911798 -0.00415281162671 -0.21633497833 
1 0.00400986779988 -0.0145234025837 -0.0111420667599 -0.0194621846474 -0.691026501152 
0 -0.0193210331568 0.0010763673322 -0.00257762855044 0.000950312713521 -0.590950718429 
0 0.00400986779988 0.00263634432379 0.0111254725847 -0.00925593596695 -0.13048752731 
0 -0.00532249258281 -0.0192033335585 -0.053964257807 -0.0704934280498 4.00250861014 
0 -0.0566504746876 -0.0628826893232 -0.0522513701651 -0.0551840550291 2.41647933986 
1 -0.0535396878933 -0.0644426663148 -0.0625286960164 -0.0670913451563 0.724931233793 
1 -0.0737598020558 -0.0644426663148 -0.0625286960164 -0.0602871793693 0.000241238480256 
0 -0.0550950812905 -0.0410430114409 -0.0488255948814 -0.0313694747746 1.58942175001 
0 -0.0302087869366 -0.0472829194072 -0.0522513701651 -0.068792386603 1.75901582455 
0 -0.062872048276 -0.0691225972896 -0.0625286960164 -0.0670913451563 -0.131728925378 
0 -0.0597612614818 -0.0706825742812 -0.0556771454489 -0.0636892622628 -0.926987626257 
0 -0.0504289010991 -0.067562620298 -0.0556771454489 -0.0738955109433 -1.09314398307 
0 -0.0690936218645 -0.0769224822475 -0.0642415836583 -0.0653903037095 -0.352029336392 
0 -0.0644274416731 -0.0784824592391 -0.0625286960164 -0.0789986352835 -1.00338135353 
0 -0.0706490152616 -0.0706825742812 -0.0608158083746 -0.0721944694965 -0.781075607171 
0 -0.0644274416731 -0.0722425512728 -0.0608158083746 -0.0636892622628 -0.967762778187 
0 -0.0550950812905 -0.0535228273736 -0.0453998195976 -0.0483798892421 0.472163488689 
0 -0.0442073275107 -0.0613227123316 -0.0573900330908 -0.0738955109433 -0.366544144574 
0 -0.0613166548789 -0.0769224822475 -0.0573900330908 -0.0704934280498 -1.1528265825 
0 -0.0550950812905 -0.0738025282644 -0.084796235361 -0.0977100911977 -0.344485455825 
0 -0.0862029492327 -0.101882114113 -0.0950735612123 -0.106215298431 -0.560393227521 
0 -0.0908691294241 -0.100322137121 -0.0865091230029 -0.0977100911977 -0.976548056823 
0 -0.0830921624385 -0.0972021831383 -0.084796235361 -0.0926069668575 -1.50948979669 
1 -0.0830921624385 -0.0940822291551 -0.0728060218678 -0.0858028010705 -1.48943644328 
0 -0.0830921624385 -0.0691225972896 -0.117341100557 -0.0585861379226 6.03400880256 
0 -0.0473181143049 -0.0504028733904 -0.0436869319557 -0.0415757234551 0.704591403908 
1 -0.0426519341135 -0.0504028733904 -0.03854826903 -0.0500809306888 -0.425080838094 
0 -0.0535396878933 -0.0550828043652 -0.0402611566719 -0.0449778063486 -0.331594014348 
1 -0.0317641803337 -0.0332431264829 -0.0334096061044 -0.0211632260942 0.925273783558 
0 -0.0270980001424 -0.00984347160896 -0.0111420667599 -0.00925593596695 2.15234802783 
0 -0.00376709918569 -0.0114034486006 0.000848146733334 -0.0109569774137 -0.303996780372 
0 -0.00843327937703 -0.0223232875417 -0.0197065049693 -0.0313694747746 -0.00940346958755 
0 -0.034874967128 -0.0488428963988 -0.0316967184625 -0.0398746820084 0.0583004712053 
0 -0.0379857539222 -0.0410430114409 -0.03854826903 -0.0262663504344 -0.503575392864 
0 -0.0270980001424 -0.0363630804661 -0.0179936173274 -0.0262663504344 -1.19369722659 
0 -0.0270980001424 -0.0394830344493 -0.024845167895 -0.0313694747746 -1.34352442419 
0 -0.0317641803337 -0.0363630804661 -0.0214193926112 -0.0313694747746 -1.24936915533 
0 -0.034874967128 -0.0426029884325 -0.0214193926112 -0.0330705162214 -1.37112165817 
0 -0.034874967128 -0.0394830344493 -0.0419740443138 -0.061988220816 0.198387468586 
1 -0.0550950812905 -0.0628826893232 -0.0522513701651 -0.061988220816 -0.969768113528 
1 -0.0613166548789 -0.0582027583484 -0.0505384825232 -0.0483798892421 -0.644903788313 
0 -0.0317641803337 -0.0270032185165 -0.0231322802531 -0.0143590603072 0.890323653332 
0 -0.00221170578858 -0.0207633105501 -0.00600340383421 -0.0143590603072 -0.981800125573 
0 -0.0115440661713 -0.0160833795753 -0.00942917911798 -0.00415281162671 -0.733616004105 
0 0.00245447440276 -0.0145234025837 0.00941258494276 0.00265135416027 -0.352602289347 
0 0.00867604799122 0.0010763673322 0.0248285737197 0.0196617686277 0.372278690284 
0 0.0211191951681 0.00731627529858 0.00769969730088 -0.000750728733224 0.07663496575 
1 0.00400986779988 0.0353958611473 0.000848146733334 0.0315690587549 1.5236276524 
0 0.0226745885652 0.0509956310632 0.0333930119292 0.0740950949236 0.740591947883 
0 0.0662256036844 0.0509956310632 0.0556605512737 0.0502805146691 0.461372874712 
0 0.0288961621537 0.0229160452145 0.0453832254224 0.0366721830952 -0.446375589571 
1 0.0413393093306 0.0291559531809 0.0470961130643 0.0349711416484 -1.16466761022 
0 0.0273407687566 0.0338358841557 0.0333930119292 0.0553836390094 0.410475553919 
0 0.0491162763162 0.0322759071641 0.0299672366454 0.0230638515212 -0.0349953682229 
0 0.0288961621537 0.0104362292818 0.00427392201711 -0.0160601017539 0.217581392563 
0 -0.0115440661713 -0.0192033335585 -0.00600340383421 -0.0211632260942 -1.13239126045 
0 -0.00376709918569 -0.0207633105501 -0.0145678420436 -0.0330705162214 -0.957831593642 
0 -0.0333195737309 -0.0472829194072 -0.0351224937463 -0.0415757234551 -0.401780751277 
1 -0.0333195737309 -0.0394830344493 -0.0231322802531 -0.0398746820084 -0.83455121626 
0 -0.0379857539222 -0.0316831494913 -0.0282709431787 -0.0160601017539 -0.527352940477 
0 -0.0130994595684 -0.0270032185165 -0.0162807296855 -0.0109569774137 -0.804375693989 
0 -0.0177656397597 -0.0285631955081 -0.0128549544018 -0.0211632260942 -0.944749167847 
0 -0.0162102463626 -0.0285631955081 -0.0077162914761 -0.0143590603072 -1.4639400368 
0 -0.0193210331568 -0.0301231724997 -0.0128549544018 -0.0279673918811 -1.79567979747 
0 -0.0239872133482 -0.0379230574577 -0.0197065049693 -0.0279673918811 -1.49812622976 
0 -0.0239872133482 -0.0379230574577 -0.0162807296855 -0.0262663504344 -1.49554794146 
0 -0.0302087869366 -0.0410430114409 -0.0351224937463 -0.0381736405616 -1.28126353647 
0 -0.0333195737309 -0.0457229424156 -0.0453998195976 -0.0568850964758 -0.94646802671 
0 -0.0504289010991 -0.0691225972896 -0.0745189095097 -0.0909059254107 -1.03298392284 
1 -0.0924245228212 -0.0925222521635 -0.110489549989 -0.114720505665 0.581120042208 
0 -0.0986460964097 -0.0956422061467 -0.103637999422 -0.0994111326444 -0.630388980132 
1 -0.0799813756443 -0.0878423211887 -0.0865091230029 -0.0841017596237 -1.08149393966 
0 -0.0737598020558 -0.0566427813568 -0.0642415836583 -0.068792386603 -0.531841071954 
0 -0.0519842944962 -0.05976273534 -0.0556771454489 -0.0466788477953 -0.614059820928 
0 -0.0550950812905 -0.05976273534 -0.0488255948814 -0.0585861379226 -0.631821362518 
0 -0.0457627209078 -0.0504028733904 -0.0625286960164 -0.0449778063486 0.00673470529819 
1 -0.048873507702 -0.0457229424156 -0.0351224937463 -0.0330705162214 -1.14108104693 
0 -0.0395411473193 -0.0301231724997 -0.024845167895 -0.0160601017539 -1.14709705295 
0 -0.0130994595684 -0.0254432415249 -0.00942917911798 -0.0211632260942 -1.1355425017 
0 -0.0193210331568 -0.0363630804661 -0.024845167895 -0.0211632260942 -1.11682603852 
0 -0.0177656397597 -0.0238832645333 -0.00942917911798 -0.0075548945202 -1.1108100325 
0 -0.00221170578858 -0.0192033335585 -0.00600340383421 -0.0177611432007 -1.55150634669 
0 -0.00843327937703 -0.0270032185165 -0.0179936173274 -0.0381736405616 -1.27906721681 
1 -0.0379857539222 -0.0410430114409 -0.0265580555368 -0.0381736405616 -1.07528694932 
1 -0.0270980001424 -0.0270032185165 -0.0162807296855 -0.0126580188604 -1.36252736385 
0 -0.00843327937703 -0.00516354063418 0.00769969730088 0.00265135416027 -0.494408145591 
0 0.0133422281826 -0.00204358665099 0.0179770231522 0.011156561394 -1.14174949204 
0 -0.00376709918569 -0.00360356364259 0.0145512478684 0.00605343705376 -1.11405676591 
0 0.0117868347854 -0.00360356364259 0.0145512478684 0.00605343705376 -0.898912931485 
0 0.00556526119699 -0.00516354063418 0.00941258494276 0.011156561394 -1.50729347703 
0 0.0133422281826 0.00731627529858 0.0231156860779 0.00265135416027 -1.03823599159 
0 0.000899081005651 -0.00672351762577 0.00941258494276 0.00435239560701 -1.56621213919 
0 0.000899081005651 -0.00828349461737 0.00256103437522 0.00945551994725 -1.48151059408 
0 0.0133422281826 -0.00516354063418 0.00427392201711 0.00435239560701 -0.363870364119 
0 0.00556526119699 -0.00828349461737 0.0111254725847 0.000950312713521 -1.04979054284 
0 0.00400986779988 -0.0114034486006 -0.00257762855044 -0.0194621846474 -1.31134356658 
0 -0.0208764265539 -0.0348031034745 -0.0265580555368 -0.0279673918811 -0.427086173435 
0 -0.0208764265539 -0.0379230574577 -0.0334096061044 -0.0432767649019 -0.627237738882 
0 -0.0317641803337 -0.0504028733904 -0.0282709431787 -0.0398746820084 -1.36090399715 
0 -0.034874967128 -0.0363630804661 -0.0299838308206 -0.0364725991149 -1.03078760318 
0 -0.0364303605251 -0.0535228273736 -0.0471127072395 -0.0415757234551 0.23142775563 
0 -0.0473181143049 -0.0566427813568 -0.0453998195976 -0.0636892622628 -1.00767850069 
0 -0.0582058680847 -0.0722425512728 -0.0471127072395 -0.061988220816 -1.5668805843 
1 -0.048873507702 -0.0535228273736 -0.0419740443138 -0.0449778063486 -1.12608877795 
0 -0.048873507702 -0.0457229424156 -0.0351224937463 -0.0347715576681 -0.984378413868 
0 -0.0239872133482 -0.0379230574577 -0.0334096061044 -0.0228642675409 -0.662665329903 
0 -0.0255426067453 -0.0410430114409 -0.0316967184625 -0.0381736405616 -1.29415497795 
0 -0.034874967128 -0.0504028733904 -0.0453998195976 -0.0636892622628 -1.25834541829 
1 -0.0550950812905 -0.0691225972896 -0.0779446847934 -0.0977100911977 -0.565263327634 
1 -0.0799813756443 -0.0925222521635 -0.0899348982866 -0.096009049751 -1.35632037351 
0 -0.0597612614818 -0.0504028733904 -0.0471127072395 -0.0364725991149 0.273157829151 
1 -0.0379857539222 -0.0363630804661 -0.0334096061044 -0.0296684333279 -0.375711391846 
1 -0.0333195737309 -0.0145234025837 -0.0179936173274 -0.000750728733224 0.253677428698 
0 -0.00532249258281 0.0213560682229 0.00256103437522 0.0281669758614 4.67744719057 
0 0.0288961621537 0.013556183265 0.0419574501386 0.0298680173082 0.579019214708 
0 0.0351177357422 0.0244760222061 0.0488090007061 0.0366721830952 -0.136694517651 
0 0.0382285225364 0.0229160452145 0.0436703377805 0.0417753074354 -0.96747630171 
0 0.0288961621537 0.0197960912313 0.0368187872129 0.0298680173082 -0.892705941144 
0 0.0288961621537 0.0104362292818 0.00941258494276 -0.00415281162671 -0.676225216494 
0 -0.0115440661713 -0.0207633105501 -0.0179936173274 -0.0228642675409 -0.221396062761 
1 -0.0286533935395 -0.0441629654241 -0.0351224937463 -0.0500809306888 -0.605179050133 
0 -0.0597612614818 -0.0426029884325 -0.0556771454489 -0.0517819721356 -0.760449300808 
0 -0.0333195737309 -0.0301231724997 -0.0282709431787 -0.0330705162214 -0.803325280239 
0 -0.0177656397597 -0.0285631955081 -0.0231322802531 -0.0228642675409 -0.793394095694 
0 -0.0224318199511 -0.0301231724997 -0.0162807296855 -0.0211632260942 -0.653116113994 
0 -0.0317641803337 -0.0238832645333 -0.0162807296855 -0.0296684333279 -1.06335042943 
0 -0.0177656397597 -0.0176433565669 -0.00942917911798 -0.000750728733224 -1.14786099023 
0 -0.00687788597992 -0.0254432415249 -0.0128549544018 -0.0211632260942 0.718151290498 
1 -0.0177656397597 -0.0238832645333 -0.0111420667599 -0.0160601017539 -0.716427415469 
0 -0.00376709918569 0.0104362292818 0.0128383602265 0.0264659344147 -0.0634520316309 
0 0.0180084083739 0.00887625229017 0.0316801242873 0.0264659344147 -0.429187000935 
0 0.0351177357422 0.0182361142397 0.0453832254224 0.0366721830952 -1.48007821169 
0 0.0351177357422 0.0166761372481 0.0248285737197 0.0315690587549 -1.37427289942 
0 0.0351177357422 0.0322759071641 0.0470961130643 0.0519815561159 -0.70907451922 
0 0.0491162763162 0.0353958611473 0.0590863265575 0.0383732245419 -1.32690878851 
0 0.0366731291393 0.0260359991977 0.0436703377805 0.0264659344147 -1.24956013965 
0 0.0242299819624 0.0229160452145 0.0436703377805 0.0417753074354 -1.34505229874 
0 0.0382285225364 0.0525556080548 0.0607992141993 0.0655898876898 -0.410088569117 
0 0.0537824565075 0.063475446996 0.0710765400507 0.0808992607105 -0.399679923777 
0 0.0724471772729 0.0759552629288 0.0916311917533 0.0945075922845 -0.975497643073 
0 0.088001111244 0.0790752169119 0.0984827423208 0.104713840965 -1.02524905796 
0 0.0988888650238 0.100914894794 0.120750281665 0.104713840965 -0.637741876381 
0 0.0973334716267 0.0884350788615 0.0984827423208 0.113219048199 -1.24784128079 
0 0.088001111244 0.0868751018699 0.0899183041114 0.104713840965 -0.369122432869 
1 0.0973334716267 0.0790752169119 0.112185843456 0.0996107166247 -1.84361686133 
0 0.0833349310527 0.110274756744 0.108760068172 0.128528421219 -0.369217925028 
0 0.13310751976 0.114954687719 0.136166270442 0.131930504113 -1.16743688284 
0 0.122219765981 0.110274756744 0.139592045726 0.130229462666 -1.44188134805 
0 0.111332012201 0.0946749868279 0.10704718053 0.097909675178 -0.87742719569 
0 0.0848903244498 0.0853151248783 0.0882054164695 0.0774971778171 -1.02801833057 
0 0.0802241442585 0.0665954009792 0.0847796411858 0.0826003021573 -1.32356656295 
0 0.0817795376556 0.0853151248783 0.0916311917533 0.104713840965 -1.42574317317 
0 0.0864457178469 0.0899950558531 0.113898731098 0.101311758071 -1.56048260964 
0 0.088001111244 0.0759552629288 0.0882054164695 0.0877034264975 -1.18548490091 
0 0.07400257067 0.0806351939035 0.096769854679 0.106414882412 -1.58397368078 
0 0.0895565046412 0.0759552629288 0.101908517605 0.097909675178 -1.43309606942 
0 0.0988888650238 0.0806351939035 0.096769854679 0.104713840965 -1.27496105397 
0 0.0864457178469 0.0681553779708 0.0710765400507 0.0502805146691 0.138036424043 
0 0.0397839159335 0.0353958611473 0.0556605512737 0.0366721830952 -0.975020182277 
0 0.0366731291393 0.0416357691137 0.0573734389156 0.0587857219029 -1.55819079782 
0 0.0397839159335 0.0416357691137 0.0522347759899 0.0553836390094 -1.00872891444 
0 0.0475608829191 0.0291559531809 0.0248285737197 0.0213628100745 -0.526016050249 
0 0.00712065459411 0.0119962062734 0.0111254725847 0.017960727181 -0.975593135232 
0 0.0102314413883 0.0151161602566 0.0299672366454 0.0230638515212 -1.54195713078 
0 0.019563801771 0.0369558381389 0.0265414613616 0.0383732245419 -1.18978204806 
0 0.0320069489479 0.0338358841557 0.0419574501386 0.0213628100745 -1.30895626261 
0 0.0102314413883 0.0213560682229 0.0196899107941 0.00945551994725 -1.21470550159 
0 0.019563801771 0.0416357691137 0.0368187872129 0.0298680173082 -0.891846511712 
0 0.033562342345 0.0229160452145 0.0419574501386 0.0383732245419 -1.14155850773 
0 0.0366731291393 0.0182361142397 0.0436703377805 0.0332701002017 -1.48695364714 
0 0.0397839159335 0.0213560682229 0.0368187872129 0.0213628100745 -1.31239398033 
0 0.0257853753595 0.0166761372481 0.0453832254224 0.0349711416484 -1.71221965043 
0 0.0320069489479 0.0182361142397 0.0333930119292 0.0128576028407 -1.18624883818 
0 0.0180084083739 -0.000483609659396 -0.00257762855044 -0.0177611432007 -0.497272910364 
0 -0.00998867277415 -0.0176433565669 0.00427392201711 -0.0075548945202 -1.16934672602 
0 -0.00221170578858 -0.00984347160896 0.00941258494276 -0.000750728733224 -0.846965196941 
0 0.00712065459411 0.00887625229017 0.0196899107941 0.0196617686277 -0.655407925813 
1 0.00400986779988 0.0119962062734 0.021402798436 0.0077544785005 -0.705159340697 
0 0.00867604799122 0.0213560682229 0.0282543490035 0.0332701002017 -0.378194187982 
0 0.046005489522 0.0400757921221 0.0607992141993 0.0536825975626 -0.3846876548 
0 0.0413393093306 0.0369558381389 0.0539476636318 0.0587857219029 -1.01207114 
0 0.0584486366989 0.0416357691137 0.050521888348 0.0349711416484 -1.28393731692 
0 0.0320069489479 0.0260359991977 0.0351058995711 0.0468784317756 -0.449335846502 
1 0.0444500961248 0.0291559531809 0.0419574501386 0.0383732245419 0.474073331871 
0 0.0351177357422 0.0431957461053 0.0453832254224 0.0655898876898 -0.706591723083 
0 0.0615594234931 0.0447557230969 0.0607992141993 0.0553836390094 -1.76025220645 
0 0.0428947027277 0.0291559531809 0.0470961130643 0.0502805146691 -1.50251886908 
0 0.0444500961248 0.0260359991977 0.0402445624967 0.0230638515212 -1.51837056748 
0 0.0304515555508 0.0119962062734 0.0231156860779 0.017960727181 -1.14795648238 
0 0.00867604799122 0.0104362292818 0.0265414613616 0.0213628100745 -1.63496649373 
0 0.0117868347854 0.00731627529858 0.0299672366454 0.0162596857342 -1.83387666111 
0 0.00712065459411 -0.00204358665099 -0.00429051619232 -0.0160601017539 0.324341626422 
0 -0.0146548529655 -0.0192033335585 -0.00429051619232 -0.0126580188604 -1.11644406989 
0 -0.00687788597992 -0.0176433565669 0.000848146733334 -0.0194621846474 -0.991540325799 
0 -0.0224318199511 -0.0379230574577 -0.0316967184625 -0.0483798892421 -0.697137999334 
0 -0.0426519341135 -0.0457229424156 -0.0334096061044 -0.0483798892421 -0.926223688984 
0 -0.0457627209078 -0.0504028733904 -0.0608158083746 -0.07559655239 -0.284229903441 
0 -0.0644274416731 -0.0753625052559 -0.0608158083746 -0.068792386603 -0.562207578543 
1 -0.0613166548789 -0.0769224822475 -0.0762317971515 -0.082400718177 -0.244791641738 
0 -0.0722044086587 -0.0441629654241 -0.0608158083746 -0.0347715576681 0.0956379054084 
0 -0.0255426067453 -0.0270032185165 -0.024845167895 -0.0262663504344 -0.480657274683 
0 -0.0255426067453 -0.0332431264829 -0.0299838308206 -0.0381736405616 0.0948739681357 
0 -0.0286533935395 -0.0426029884325 -0.0334096061044 -0.0313694747746 -0.739536517968 
0 -0.0286533935395 -0.0441629654241 -0.0282709431787 -0.0313694747746 -1.24870071022 
1 -0.0255426067453 -0.0441629654241 -0.0351224937463 -0.0517819721356 -1.11720800716 
0 -0.0426519341135 -0.0441629654241 -0.03854826903 -0.0296684333279 -1.02849579137 
0 -0.0239872133482 -0.0363630804661 -0.0179936173274 -0.0245653089877 -1.46031133476 
0 -0.0239872133482 -0.0238832645333 -0.0128549544018 -0.0211632260942 -0.988007115913 
0 -0.0177656397597 -0.0332431264829 -0.0128549544018 -0.0313694747746 -1.13200929182 
0 -0.0255426067453 -0.0410430114409 -0.0334096061044 -0.0279673918811 -1.50356928283 
0 -0.034874967128 -0.0504028733904 -0.0282709431787 -0.0466788477953 -1.77008789884 
0 -0.0426519341135 -0.0488428963988 -0.0402611566719 -0.0364725991149 -1.43682026362 
0 -0.0410965407164 -0.0457229424156 -0.03854826903 -0.0585861379226 -1.50032254942 
0 -0.0582058680847 -0.0628826893232 -0.0556771454489 -0.0602871793693 -0.246701484919 
0 -0.0566504746876 -0.0613227123316 -0.0505384825232 -0.0653903037095 -1.2678946342 
0 -0.0457627209078 -0.0644426663148 -0.0505384825232 -0.061988220816 -0.762645620467 
0 -0.0550950812905 -0.0628826893232 -0.0436869319557 -0.0602871793693 -1.88496496622 
1 -0.0597612614818 -0.0644426663148 -0.0471127072395 -0.0602871793693 -1.14738352943 
0 -0.0535396878933 -0.0457229424156 -0.0402611566719 -0.0347715576681 -1.74153574327 
0 -0.0255426067453 -0.0441629654241 -0.0351224937463 -0.0313694747746 -1.3178370334 
0 -0.0364303605251 -0.0394830344493 -0.0231322802531 -0.0296684333279 -0.854795553987 
0 -0.0302087869366 -0.0238832645333 -0.0162807296855 -0.0177611432007 -1.26006427715 
0 -0.0146548529655 -0.0332431264829 -0.0299838308206 -0.0313694747746 -1.07213570807 
0 -0.0239872133482 -0.0223232875417 -0.0214193926112 -0.00925593596695 -1.21384607215 
0 -0.00998867277415 -0.0223232875417 -0.0214193926112 -0.0415757234551 -1.04520691921 
0 -0.0395411473193 -0.0488428963988 -0.0351224937463 -0.0432767649019 -1.35450602249 
0 -0.0286533935395 -0.0472829194072 -0.03854826903 -0.0449778063486 -1.49191923942 
0 -0.034874967128 -0.0379230574577 -0.024845167895 -0.0262663504344 -1.47644950964 
0 -0.0270980001424 -0.0426029884325 -0.0471127072395 -0.0551840550291 0.33083509324 
0 -0.0550950812905 -0.0644426663148 -0.053964257807 -0.0517819721356 -0.619311889678 
0 -0.0457627209078 -0.0644426663148 -0.0556771454489 -0.07559655239 -0.524774652181 
0 -0.0737598020558 -0.0862823441971 -0.0762317971515 -0.082400718177 -0.452487087752 
1 -0.0799813756443 -0.0878423211887 -0.0762317971515 -0.089204883964 -1.19999970909 
0 -0.0799813756443 -0.0878423211887 -0.0710931342259 -0.0789986352835 -1.31506776079 
0 -0.062872048276 -0.0784824592391 -0.0642415836583 -0.0704934280498 -1.55828628998 
0 -0.0613166548789 -0.067562620298 -0.0573900330908 -0.061988220816 -1.3078103567 
0 -0.0535396878933 -0.0706825742812 -0.0505384825232 -0.0636892622628 -1.46327159169 
0 -0.0690936218645 -0.0847223672055 -0.0659544713002 -0.0858028010705 -0.858710732509 
0 -0.0753151954529 -0.0909622751719 -0.0762317971515 -0.0909059254107 -1.78613058156 
0 -0.0862029492327 -0.0956422061467 -0.0813704600772 -0.0943080083042 -1.60985205589 
0 -0.0737598020558 -0.0909622751719 -0.0899348982866 -0.101112174091 -1.20381939545 
0 -0.0908691294241 -0.101882114113 -0.100212224138 -0.106215298431 -1.34552975954 
1 -0.0862029492327 -0.105002068096 -0.100212224138 -0.118122588559 -1.40626277272 
0 -0.104867669998 -0.0925222521635 -0.0984993364961 -0.0841017596237 -1.17373936534 
0 -0.0753151954529 -0.0925222521635 -0.0762317971515 -0.0858028010705 -1.51130414771 
0 -0.0737598020558 -0.0800424362307 -0.0676673589421 -0.07559655239 -1.55236577612 
1 -0.0582058680847 -0.0769224822475 -0.0591029207327 -0.068792386603 -1.80398761531 
0 -0.0737598020558 -0.0706825742812 -0.0625286960164 -0.068792386603 -1.12561131716 
0 -0.0519842944962 -0.0706825742812 -0.0471127072395 -0.0653903037095 -1.85908659111 
0 -0.0597612614818 -0.0769224822475 -0.0933606735704 -0.113019464218 -0.387265943096 
0 -0.0939799162183 -0.101882114113 -0.0916477859285 -0.0926069668575 -0.378194187982 
0 -0.089313736027 -0.101882114113 -0.107063774705 -0.106215298431 0.991163373328 
0 -0.103312276601 -0.101882114113 -0.0950735612123 -0.0926069668575 -0.953152477846 
0 -0.089313736027 -0.108122022079 -0.0933606735704 -0.109617381325 -0.0278334562914 
0 -0.100201489807 -0.106562045088 -0.10192511178 -0.116421547112 0.13727248677 
0 -0.106423063395 -0.119041861021 -0.105350887064 -0.123225712899 -0.992590739549 
0 -0.101756883204 -0.114361930046 -0.103637999422 -0.109617381325 -0.880482944781 
0 -0.103312276601 -0.115921907037 -0.105350887064 -0.121524671452 -0.990203435572 
0 -0.107978456792 -0.117481884029 -0.103637999422 -0.113019464218 -1.64289234293 
0 -0.101756883204 -0.111241976063 -0.0984993364961 -0.113019464218 -1.60230817532 
0 -0.0986460964097 -0.115921907037 -0.110489549989 -0.126627795792 -1.0813984475 
0 -0.114200030381 -0.123721791995 -0.113915325273 -0.124926754346 -1.16419014943 
1 -0.112644636984 -0.131521676953 -0.119053988199 -0.135133003026 -0.861289020805 
0 -0.120421603969 -0.119041861021 -0.115628212915 -0.111318422772 -0.165151181059 
0 -0.100201489807 -0.117481884029 -0.113915325273 -0.133431961579 0.299704649378 
0 -0.120421603969 -0.133081653945 -0.148173078111 -0.15384445894 1.51121367172 
0 -0.153084865309 -0.161161239794 -0.175579280381 -0.157246541834 1.28518373116 
0 -0.151529471912 -0.162721216785 -0.151598853395 -0.165751749068 -0.82509749251 
0 -0.149974078514 -0.154921331827 -0.148173078111 -0.155545500387 -1.07194472375 
1 -0.14686329172 -0.156481308819 -0.161876179246 -0.165751749068 -0.664193204449 
0 -0.163972619088 -0.164281193777 -0.170440617455 -0.162349666174 0.0478918258648 
1 -0.143752504926 -0.162721216785 -0.1927081568 -0.203174660896 1.21098632355 
1 -0.185748126648 -0.193920756617 -0.218401471428 -0.215081951023 1.75987525398 
0 -0.165528012486 -0.106562045088 -0.16530195453 -0.147040293153 20.9928555236 
0 -0.117310817175 -0.112801953054 -0.117341100557 -0.119823630005 4.37683787377 
0 -0.104867669998 -0.120601838012 -0.115628212915 -0.114720505665 -0.0826459556074 
0 -0.101756883204 -0.117481884029 -0.110489549989 -0.116421547112 -0.561252656953 
0 -0.104867669998 -0.123721791995 -0.117341100557 -0.130029878686 -0.19332136799 
0 -0.126643177558 -0.134641630937 -0.12933131405 -0.14363821026 0.00797610336632 
0 -0.114200030381 -0.119041861021 -0.110489549989 -0.114720505665 0.79530895504 
0 -0.103312276601 -0.120601838012 -0.113915325273 -0.128328837239 -0.863676324782 
0 -0.120421603969 -0.133081653945 -0.12933131405 -0.130029878686 0.84038125413 
0 -0.112644636984 -0.117481884029 -0.122479763482 -0.131730920133 0.0479873180239 
0 -0.120421603969 -0.131521676953 -0.124192651124 -0.135133003026 -1.29176767397 
0 -0.121976997366 -0.13776158492 -0.141321527543 -0.160648624727 -0.646431662858 
0 -0.134420144543 -0.145561469878 -0.139608639901 -0.145339251707 -1.13878923511 
0 -0.13597553794 -0.148681423861 -0.146460190469 -0.145339251707 -0.752332467286 
1 -0.139086324735 -0.147121446869 -0.137895752259 -0.150442376047 -0.198382452421 
0 -0.129753964352 -0.103442091105 -0.12933131405 -0.0943080083042 1.70745005864 
0 -0.0877583426299 -0.0816024132223 -0.0796575724353 -0.0858028010705 1.10632691719 
0 -0.0815367690414 -0.0753625052559 -0.0745189095097 -0.0738955109433 0.669832258 
0 -0.0675382284674 -0.0831623902139 -0.0728060218678 -0.082400718177 -0.0998345442431 
0 -0.0737598020558 -0.0925222521635 -0.0984993364961 -0.0994111326444 1.63182026864 
1 -0.089313736027 -0.101882114113 -0.0950735612123 -0.109617381325 0.257019654266 
1 -0.0924245228212 -0.0894022981803 -0.0865091230029 -0.082400718177 1.00233595594 
0 -0.0737598020558 -0.0628826893232 -0.0728060218678 -0.0568850964758 3.83835758867 
0 -0.048873507702 -0.0535228273736 -0.0453998195976 -0.0534830135823 2.23093807476 
0 -0.048873507702 -0.0472829194072 -0.0436869319557 -0.0517819721356 1.72120092955 
0 -0.0457627209078 -0.0628826893232 -0.0505384825232 -0.0602871793693 -0.80322978808 
0 -0.0566504746876 -0.0535228273736 -0.0591029207327 -0.0653903037095 -0.583120361383 
0 -0.0597612614818 -0.0628826893232 -0.0522513701651 -0.0551840550291 -0.140418711855 
0 -0.048873507702 -0.0566427813568 -0.069380246584 -0.0875038425172 0.237825730289 
0 -0.0815367690414 -0.0816024132223 -0.0710931342259 -0.0806996767302 -0.107760393447 
0 -0.0706490152616 -0.0784824592391 -0.084796235361 -0.0909059254107 -0.131346956742 
0 -0.089313736027 -0.0894022981803 -0.0899348982866 -0.106215298431 -0.937969224552 
1 -0.0908691294241 -0.109681999071 -0.0984993364961 -0.113019464218 -0.78432234058 
0 -0.089313736027 -0.0831623902139 -0.0865091230029 -0.0721944694965 0.633067776751 
0 -0.062872048276 -0.0753625052559 -0.0728060218678 -0.0858028010705 -1.04138723284 
0 -0.0768705888501 -0.0878423211887 -0.069380246584 -0.082400718177 -1.35288265579 
1 -0.0799813756443 -0.0925222521635 -0.103637999422 -0.101112174091 0.722830406293 
0 -0.101756883204 -0.0847223672055 -0.0933606735704 -0.0772975938368 -0.0729057553805 
0 -0.0737598020558 -0.0862823441971 -0.0745189095097 -0.07559655239 -0.933385600915 
0 -0.0737598020558 -0.0769224822475 -0.0728060218678 -0.0670913451563 -0.0841738301528 
0 -0.0675382284674 -0.0784824592391 -0.069380246584 -0.0875038425172 -1.18863614216 
0 -0.0846475558356 -0.0816024132223 -0.0745189095097 -0.0738955109433 -1.209548925 
0 -0.0753151954529 -0.0784824592391 -0.069380246584 -0.0721944694965 -0.711843791833 
0 -0.0644274416731 -0.0691225972896 -0.0642415836583 -0.0789986352835 -0.838275410465 
0 -0.0690936218645 -0.0800424362307 -0.0676673589421 -0.0789986352835 -1.09581776352 
1 -0.0799813756443 -0.0925222521635 -0.0813704600772 -0.0943080083042 -1.29568285249 
1 -0.0877583426299 -0.0831623902139 -0.0779446847934 -0.07559655239 -1.00557767319 
0 -0.0706490152616 -0.0644426663148 -0.0608158083746 -0.0534830135823 0.323386704831 
0 -0.0519842944962 -0.0488428963988 -0.0436869319557 -0.0449778063486 -0.11377639947 
0 -0.0395411473193 -0.0535228273736 -0.0419740443138 -0.0415757234551 -0.399966400254 
0 -0.034874967128 -0.0535228273736 -0.0351224937463 -0.0551840550291 -0.498132339796 
0 -0.0550950812905 -0.0644426663148 -0.0436869319557 -0.0585861379226 -1.59447781828 
1 -0.0566504746876 -0.0722425512728 -0.0556771454489 -0.07559655239 -0.273248305146 
0 -0.0644274416731 -0.0488428963988 -0.0556771454489 -0.0449778063486 0.0843698306361 
0 -0.0379857539222 -0.0426029884325 -0.0453998195976 -0.0500809306888 -0.74144636115 
0 -0.0395411473193 -0.0348031034745 -0.0556771454489 -0.07559655239 -0.0842693223119 
0 -0.0753151954529 -0.0800424362307 -0.0642415836583 -0.0806996767302 -1.29663777408 
1 -0.0737598020558 -0.0816024132223 -0.0642415836583 -0.0806996767302 -1.61625003055 
0 -0.0706490152616 -0.0535228273736 -0.0591029207327 -0.0415757234551 1.97167686284 
0 -0.0333195737309 -0.0426029884325 -0.0505384825232 -0.0517819721356 -0.461749827184 
0 -0.0550950812905 -0.0660026433064 -0.069380246584 -0.0875038425172 -0.785277262171 
0 -0.0722044086587 -0.0878423211887 -0.0933606735704 -0.0943080083042 -0.306097607872 
0 -0.0877583426299 -0.0847223672055 -0.0813704600772 -0.096009049751 0.239258112676 
0 -0.120421603969 -0.139321561911 -0.182430830948 -0.201473619449 12.0563173076 
0 -0.170194192677 -0.187680848651 -0.189282381516 -0.194669453662 4.41302940206 
1 -0.171749586074 -0.168961124752 -0.172153505097 -0.169153831961 2.85793959132 
0 -0.160861832294 -0.159601262802 -0.158450403962 -0.160648624727 0.806481537654 
0 -0.145307898323 -0.162721216785 -0.163589066888 -0.177659039195 1.57099176331 
0 -0.153084865309 -0.170521101743 -0.180717943307 -0.194669453662 -0.149776943446 
1 -0.174860372868 -0.186120871659 -0.197846819725 -0.206576743789 0.553331823913 
0 -0.185748126648 -0.187680848651 -0.187569493874 -0.191267370769 0.551040012095 
0 -0.167083405883 -0.170521101743 -0.180717943307 -0.194669453662 1.73533376909 
0 -0.176415766265 -0.189240825642 -0.182430830948 -0.194669453662 -0.539957905476 
0 -0.167083405883 -0.183000917676 -0.177292168023 -0.196370495109 0.179575513246 
0 -0.177971159662 -0.195480733609 -0.208124145577 -0.199772578002 0.275354148811 
0 -0.182637339854 -0.192360779626 -0.190995269158 -0.191267370769 1.30046247661 
0 -0.174860372868 -0.193920756617 -0.194421044442 -0.213380909576 -0.291678291849 
0 -0.195080487031 -0.214200457508 -0.22011435907 -0.235494448384 1.3245265007 
0 -0.212189814399 -0.215760434499 -0.214975696144 -0.21678299247 -0.457519524536 
0 -0.202857454016 -0.209520526533 -0.214975696144 -0.209978826683 0.702481027192 
1 -0.196635880428 -0.211080503525 -0.233817460205 -0.243999655618 1.36713510209 
0 -0.221522174782 -0.222000342466 -0.225253021996 -0.228690282597 -0.511147921079 
0 -0.202857454016 -0.212640480516 -0.206411257935 -0.220185075363 -0.323687263575 
0 -0.199746667222 -0.209520526533 -0.201272595009 -0.21678299247 -0.931609446756 
0 -0.193525093634 -0.198600687592 -0.199559707367 -0.21167986813 1.90785945292 
0 -0.191969700237 -0.203280618567 -0.213262808502 -0.228690282597 -0.412046158379 
0 -0.210634421002 -0.220440365474 -0.218401471428 -0.230391324044 -0.502763709512 
0 -0.207523634208 -0.217320411491 -0.214975696144 -0.225288199704 -1.55896428431 
0 -0.202857454016 -0.215760434499 -0.225253021996 -0.242298614171 -0.632967268427 
0 -0.218411387987 -0.228240250432 -0.233817460205 -0.238896531278 -1.26853443166 
0 -0.218411387987 -0.231360204415 -0.240669010773 -0.255906945745 -0.623924160961 
0 -0.232409928561 -0.243840020348 -0.254372111908 -0.247401738511 -0.550251960226 
1 -0.233965321959 -0.243840020348 -0.244094786056 -0.247401738511 -0.194629610569 
1 -0.224632961576 -0.215760434499 -0.237243235489 -0.220185075363 0.246143097346 
1 -0.199746667222 -0.195480733609 -0.201272595009 -0.196370495109 0.194520036143 
0 -0.184192733251 -0.178320986701 -0.18414371859 -0.179360080641 0.887353847185 
0 -0.160861832294 -0.170521101743 -0.179005055665 -0.175957997748 -0.106012886936 
0 -0.163972619088 -0.165841170768 -0.163589066888 -0.167452790514 -0.335652431109 
0 -0.149974078514 -0.164281193777 -0.177292168023 -0.186164246428 0.493630126052 
0 -0.173304979471 -0.184560894668 -0.177292168023 -0.194669453662 -1.20703748121 
0 -0.176415766265 -0.189240825642 -0.180717943307 -0.194669453662 -1.7739075852 
1 -0.176415766265 -0.189240825642 -0.177292168023 -0.194669453662 -1.6768493547 
0 -0.187303520045 -0.186120871659 -0.187569493874 -0.191267370769 -1.22282233511 
1 -0.16863879928 -0.165841170768 -0.172153505097 -0.179360080641 0.465851456974 
0 -0.165528012486 -0.162721216785 -0.168727729813 -0.164050707621 0.174485781167 
0 -0.149974078514 -0.161161239794 -0.160163291604 -0.164050707621 -0.905845662235 
0 -0.151529471912 -0.164281193777 -0.15673751632 -0.164050707621 -1.15488921313 
0 -0.145307898323 -0.154921331827 -0.153311741036 -0.160648624727 0.538750171221 
0 -0.149974078514 -0.16740114776 -0.189282381516 -0.206576743789 1.43494408425 
0 -0.187303520045 -0.204840595558 -0.242381898414 -0.259309028638 9.62253729655 
0 -0.243297682341 -0.260999767256 -0.309184516448 -0.322247562168 15.2004539408 
0 -0.282182517269 -0.292199307088 -0.298907190597 -0.303536106254 8.56224965734 
0 -0.275960943681 -0.281279468146 -0.293768527671 -0.298432981914 2.59280561162 
0 -0.265073189901 -0.282839445138 -0.28349120182 -0.296731940467 0.847600461357 
0 -0.266628583298 -0.285959399121 -0.288629864745 -0.303536106254 0.758850048701 
0 -0.272850156886 -0.279719491155 -0.281778314178 -0.296731940467 0.681883368477 
0 -0.266628583298 -0.279719491155 -0.280065426536 -0.296731940467 -0.57930067502 
0 -0.268183976695 -0.279719491155 -0.276639651252 -0.286525691786 -0.378537959755 
1 -0.258851616312 -0.276599537172 -0.278352538894 -0.286525691786 -0.0563856118585 
1 -0.266628583298 -0.262559744247 -0.276639651252 -0.269515277319 1.39155244716 
0 -0.247963862533 -0.250079928315 -0.268075213043 -0.255906945745 1.6439764205 
0 -0.232409928561 -0.242280043357 -0.240669010773 -0.254205904298 -0.171329523752 
1 -0.235520715356 -0.248519951323 -0.24752056134 -0.261010070085 -0.584151676702 
0 -0.235520715356 -0.246959974331 -0.242381898414 -0.252504862852 0.0206288144454 
0 -0.221522174782 -0.225120296449 -0.228678797279 -0.237195489831 0.580871762594 
0 -0.212189814399 -0.231360204415 -0.230391684921 -0.240597572724 -0.640243770949 
0 -0.213745207796 -0.231360204415 -0.233817460205 -0.242298614171 -1.29421227324 
0 -0.219966781385 -0.231360204415 -0.228678797279 -0.240597572724 -0.728144303389 
0 -0.21685599459 -0.218880388483 -0.221827246712 -0.233793406937 -0.185309575842 
0 -0.218411387987 -0.234480158399 -0.25608499955 -0.262711111532 3.20982819756 
1 -0.243297682341 -0.257879813273 -0.293768527671 -0.310340272041 5.77467119692 
0 -0.274405550284 -0.278159514163 -0.293768527671 -0.286525691786 2.94157162425 
0 -0.26040700971 -0.267239675222 -0.27492676361 -0.274618401659 -0.166975081297 
0 -0.251074649327 -0.260999767256 -0.266362325401 -0.266113194425 -0.302612144065 
0 -0.244853075738 -0.250079928315 -0.262936550117 -0.261010070085 -0.662961355596 
0 -0.240186895547 -0.243840020348 -0.24752056134 -0.261010070085 -1.44809788761 
1 -0.232409928561 -0.240720066365 -0.24752056134 -0.243999655618 -0.786566406319 
0 -0.221522174782 -0.203280618567 -0.226965909638 -0.209978826683 2.23673444881 
0 -0.190414306839 -0.189240825642 -0.208124145577 -0.218484033917 1.00419805304 
0 -0.196635880428 -0.190800802634 -0.197846819725 -0.198071536556 1.3493735605 
1 -0.188858913442 -0.1970407106 -0.196133932084 -0.208277785236 0.539227632016 
0 -0.196635880428 -0.201720641575 -0.201272595009 -0.218484033917 -0.468128703411 
0 -0.160861832294 -0.156481308819 -0.172153505097 -0.165751749068 7.93108468264 
1 -0.149974078514 -0.162721216785 -0.182430830948 -0.198071536556 0.276251775106 
0 -0.17952655306 -0.179880963693 -0.185856606232 -0.198071536556 -0.896277347894 
0 -0.151529471912 -0.164281193777 -0.170440617455 -0.182762163535 1.17851898946 
0 -0.1577510455 -0.16740114776 -0.177292168023 -0.167452790514 -0.264396181998 
1 -0.151529471912 -0.168961124752 -0.158450403962 -0.177659039195 -1.04941812342 
0 -0.16863879928 -0.16740114776 -0.167014842171 -0.165751749068 -1.10025814892 
0 -0.143752504926 -0.161161239794 -0.153311741036 -0.162349666174 -0.744282478275 
0 -0.156195652103 -0.165841170768 -0.153311741036 -0.167452790514 -1.69318806312 
1 -0.145307898323 -0.164281193777 -0.173866392739 -0.189566329322 -1.08585793133 
0 -0.173304979471 -0.17676100971 -0.172153505097 -0.175957997748 -0.775565709592 
0 -0.156195652103 -0.168961124752 -0.172153505097 -0.167452790514 -1.04834861124 
0 -0.145307898323 -0.164281193777 -0.155024628678 -0.165751749068 -0.525844164363 
0 -0.149974078514 -0.153361354836 -0.155024628678 -0.152143417494 -0.338020636654 
0 -0.139086324735 -0.148681423861 -0.149885965753 -0.1487413346 -0.69462655555 
0 -0.13597553794 -0.120601838012 -0.131044201692 -0.126627795792 0.663119159216 
0 -0.120421603969 -0.119041861021 -0.12933131405 -0.131730920133 0.704113943112 
0 -0.131309357749 -0.120601838012 -0.125905538766 -0.135133003026 0.432219118543 
0 -0.120421603969 -0.125281768987 -0.143034415185 -0.141937168813 0.221105053233 
0 -0.137530931338 -0.13776158492 -0.148173078111 -0.158947583281 0.177713416144 
0 -0.13597553794 -0.144001492886 -0.155024628678 -0.15384445894 0.251700741005 
0 -0.134420144543 -0.150241400853 -0.146460190469 -0.145339251707 -0.326475634621 
1 -0.126643177558 -0.145561469878 -0.15673751632 -0.160648624727 -0.722959079151 
0 -0.151529471912 -0.15804128581 -0.158450403962 -0.158947583281 -1.19020221356 
0 -0.126643177558 -0.145561469878 -0.16530195453 -0.170854873408 -0.802265317273 
0 -0.154640258706 -0.170521101743 -0.177292168023 -0.179360080641 -1.31701580083 
0 -0.165528012486 -0.184560894668 -0.185856606232 -0.196370495109 -0.86701855035 
0 -0.170194192677 -0.178320986701 -0.185856606232 -0.204875702343 -1.25070604556 
1 -0.188858913442 -0.192360779626 -0.189282381516 -0.199772578002 -0.627533764575 
1 -0.182637339854 -0.178320986701 -0.18414371859 -0.198071536556 -0.613811541314 
0 -0.163972619088 -0.147121446869 -0.172153505097 -0.141937168813 1.30497925574 
0 -0.13597553794 -0.145561469878 -0.144747302827 -0.160648624727 -0.867400518986 
0 -0.132864751146 -0.151801377844 -0.175579280381 -0.194669453662 -1.43444250886 
0 -0.165528012486 -0.17676100971 -0.175579280381 -0.184463204982 -1.11671144793 
0 -0.159306438897 -0.178320986701 -0.185856606232 -0.191267370769 -1.14007837926 
0 -0.163972619088 -0.153361354836 -0.168727729813 -0.155545500387 -1.12138101451 
0 -0.149974078514 -0.147121446869 -0.163589066888 -0.174256956301 -0.889812528724 
0 -0.162417225691 -0.162721216785 -0.161876179246 -0.170854873408 -1.2500089528 
1 -0.154640258706 -0.142441515895 -0.160163291604 -0.152143417494 -0.584256718077 
0 -0.145307898323 -0.147121446869 -0.148173078111 -0.147040293153 -0.769826630831 
0 -0.126643177558 -0.145561469878 -0.160163291604 -0.179360080641 -1.05721983282 
0 -0.153084865309 -0.168961124752 -0.172153505097 -0.175957997748 -1.12991801353 
0 -0.176415766265 -0.183000917676 -0.209837033219 -0.225288199704 0.0857831145906 
0 -0.207523634208 -0.203280618567 -0.214975696144 -0.22698924115 -0.447426003321 
0 -0.196635880428 -0.214200457508 -0.213262808502 -0.228690282597 -1.05933020954 
0 -0.199746667222 -0.20640057255 -0.209837033219 -0.208277785236 -1.13412921775 
0 -0.188858913442 -0.1970407106 -0.211549920861 -0.218484033917 -0.798483827773 
1 -0.204412847413 -0.212640480516 -0.244094786056 -0.243999655618 0.00513998624143 
0 -0.215300601193 -0.201720641575 -0.221827246712 -0.204875702343 -0.389710542368 
0 -0.185748126648 -0.200160664584 -0.202985482651 -0.218484033917 -1.03301257049 
1 -0.198191273825 -0.1970407106 -0.199559707367 -0.204875702343 -0.259927148953 
0 -0.193525093634 -0.183000917676 -0.194421044442 -0.191267370769 -1.51944007967 
0 -0.173304979471 -0.170521101743 -0.175579280381 -0.179360080641 -1.08115016789 
1 -0.16863879928 -0.165841170768 -0.167014842171 -0.172555914854 -0.89964822111 
0 -0.163972619088 -0.16740114776 -0.16530195453 -0.172555914854 -1.10016265676 
0 -0.148418685117 -0.165841170768 -0.185856606232 -0.201473619449 -0.396681469982 
1 -0.185748126648 -0.192360779626 -0.1927081568 -0.199772578002 -1.747494454 
0 -0.187303520045 -0.15804128581 -0.187569493874 -0.157246541834 -0.884493615463 
0 -0.132864751146 -0.145561469878 -0.146460190469 -0.1487413346 -0.084995062721 
0 -0.142197111529 -0.144001492886 -0.144747302827 -0.162349666174 -0.3914103028 
0 -0.14686329172 -0.148681423861 -0.149885965753 -0.155545500387 -0.639136061904 
0 -0.137530931338 -0.154921331827 -0.148173078111 -0.157246541834 -0.889019943803 
1 -0.142197111529 -0.153361354836 -0.153311741036 -0.160648624727 1.24773170636 
0 -0.151529471912 -0.136201607928 -0.148173078111 -0.131730920133 -0.950220868562 
0 -0.121976997366 -0.134641630937 -0.136182864618 -0.15384445894 -1.64213795488 
0 -0.142197111529 -0.147121446869 -0.151598853395 -0.164050707621 -1.34213978789 
1 -0.148418685117 -0.161161239794 -0.167014842171 -0.186164246428 -0.750546763911 
0 -0.16863879928 -0.140881538903 -0.167014842171 -0.14363821026 -0.808959317625 
0 -0.125087784161 -0.126841745979 -0.134469976976 -0.124926754346 -0.725002611355 
0 -0.112644636984 -0.123721791995 -0.112202437631 -0.116421547112 -0.357501037108 
0 -0.0986460964097 -0.115921907037 -0.115628212915 -0.131730920133 -0.170727923149 
0 -0.106423063395 -0.125281768987 -0.119053988199 -0.133431961579 -1.276422084 
0 -0.118866210572 -0.126841745979 -0.120766875841 -0.130029878686 -1.15754389516 
0 -0.123532390763 -0.136201607928 -0.125905538766 -0.13853508592 -1.49460256909 
0 -0.134420144543 -0.123721791995 -0.12933131405 -0.133431961579 -1.61462666384 
1 -0.120421603969 -0.129961699962 -0.12933131405 -0.147040293153 -1.76457800126 
0 -0.137530931338 -0.125281768987 -0.132757089334 -0.126627795792 -1.19705855059 
1 -0.117310817175 -0.136201607928 -0.149885965753 -0.157246541834 -1.58401187764 
0 -0.148418685117 -0.145561469878 -0.144747302827 -0.145339251707 -1.35830661042 
0 -0.131309357749 -0.150241400853 -0.172153505097 -0.179360080641 2.23755568138 
0 -0.173304979471 -0.170521101743 -0.175579280381 -0.175957997748 -0.118302727811 
0 -0.159306438897 -0.17676100971 -0.177292168023 -0.175957997748 -0.210949220557 
1 -0.170194192677 -0.170521101743 -0.173866392739 -0.175957997748 -0.268301811305 
0 -0.167083405883 -0.162721216785 -0.167014842171 -0.158947583281 -0.459076046729 
1 -0.143752504926 -0.162721216785 -0.15673751632 -0.175957997748 -0.934703392711 
0 -0.163972619088 -0.16740114776 -0.163589066888 -0.167452790514 -0.930654525165 
0 -0.148418685117 -0.153361354836 -0.15673751632 -0.15384445894 -0.0333624523025 
0 -0.132864751146 -0.145561469878 -0.146460190469 -0.14363821026 -0.892944671542 
0 -0.140641718132 -0.147121446869 -0.137895752259 -0.141937168813 -1.42047200599 
0 -0.134420144543 -0.147121446869 -0.146460190469 -0.15384445894 -1.27110317074 
0 -0.145307898323 -0.154921331827 -0.144747302827 -0.157246541834 -1.5402287227 
0 -0.13597553794 -0.147121446869 -0.146460190469 -0.157246541834 -0.665998006255 
0 -0.149974078514 -0.154921331827 -0.146460190469 -0.162349666174 -1.50278624712 
1 -0.139086324735 -0.148681423861 -0.143034415185 -0.145339251707 -1.55023630097 
0 -0.13597553794 -0.126841745979 -0.131044201692 -0.126627795792 -1.31249902171 
0 -0.114200030381 -0.119041861021 -0.117341100557 -0.118122588559 -1.25512733253 
0 -0.0986460964097 -0.117481884029 -0.117341100557 -0.133431961579 -1.2655550763 
0 -0.111089243587 -0.117481884029 -0.12933131405 -0.113019464218 -0.798894444057 
0 -0.111089243587 -0.120601838012 -0.117341100557 -0.124926754346 -1.27112226918 
0 -0.123532390763 -0.133081653945 -0.120766875841 -0.130029878686 -0.767515720581 
1 -0.131309357749 -0.134641630937 -0.144747302827 -0.14363821026 -1.0990453985 
0 -0.129753964352 -0.0784824592391 -0.134469976976 -0.0721944694965 0.638396239228 
0 -0.0722044086587 -0.0691225972896 -0.069380246584 -0.0738955109433 0.47148549436 
1 -0.0659828350703 -0.0722425512728 -0.0745189095097 -0.0909059254107 -1.25721861081 
0 -0.0846475558356 -0.0316831494913 -0.0762317971515 -0.0415757234551 0.700036427919 
0 -0.034874967128 -0.0426029884325 -0.0368353813882 -0.0381736405616 -0.763505049899 
1 -0.0379857539222 -0.0316831494913 -0.0436869319557 -0.0500809306888 -0.573294218213 
0 -0.034874967128 -0.0285631955081 -0.0197065049693 -0.0194621846474 0.0840738049429 
0 -0.00221170578858 -0.00984347160896 -0.000864740908552 -0.00415281162671 -0.337762807825 
0 -0.0115440661713 -0.0114034486006 0.00598680965899 -0.00925593596695 0.0183847487068 
0 -0.0193210331568 -0.0207633105501 -0.0111420667599 -0.00925593596695 -1.41296632228 
0 -0.0224318199511 -0.0207633105501 -0.139608639901 -0.158947583281 36.0006897222 
1 -0.139086324735 -0.150241400853 -0.158450403962 -0.150442376047 13.9976060573 
0 -0.125087784161 -0.0956422061467 -0.125905538766 -0.101112174091 15.2004539408 
0 -0.0846475558356 -0.0738025282644 -0.10192511178 -0.0943080083042 6.22664513509 
0 -0.0830921624385 -0.0644426663148 -0.0745189095097 -0.0721944694965 5.63747761195 
0 -0.0675382284674 -0.0738025282644 -0.069380246584 -0.0653903037095 1.2218819789 
0 -0.0737598020558 -0.0706825742812 -0.0728060218678 -0.0738955109433 0.549340251664 
0 -0.0784259822472 -0.0582027583484 -0.0676673589421 -0.0858028010705 0.577472241731 
1 -0.0862029492327 -0.0847223672055 -0.0762317971515 -0.0858028010705 -0.409200492038 
1 -0.0877583426299 -0.0738025282644 -0.0779446847934 -0.0653903037095 0.601622208764 
0 -0.0550950812905 -0.0426029884325 -0.0419740443138 -0.0313694747746 1.8966868703 
0 -0.0333195737309 -0.0363630804661 -0.0299838308206 -0.0381736405616 0.306045328741 
0 -0.048873507702 -0.0457229424156 -0.0351224937463 -0.0364725991149 -0.645132969495 
1 -0.0426519341135 -0.0332431264829 -0.0316967184625 -0.0313694747746 0.558784426197 
1 -0.0333195737309 -0.0363630804661 -0.0197065049693 -0.0313694747746 0.0209343893545 
1 -0.0130994595684 -0.00204358665099 -0.0111420667599 0.00945551994725 2.96960812216 
0 0.0102314413883 0.0322759071641 0.0196899107941 0.0536825975626 0.422087400464 
1 0.0553378499046 0.0416357691137 0.0282543490035 0.0417753074354 1.09858250309 
0 0.0397839159335 0.0463157000884 0.0436703377805 0.0655898876898 -0.40522801822 
1 0.0615594234931 0.0572355390296 0.0607992141993 0.0774971778171 -0.68596541672 
0 0.0568932433018 0.0868751018699 0.081353865902 0.113219048199 -0.569283547532 
0 0.108221225407 0.0899950558531 0.0779280906182 0.0638888462431 0.792873904984 
0 0.0491162763162 0.0697153549624 0.0710765400507 0.0587857219029 0.367695066648 
0 0.046005489522 0.0494356540716 0.0573734389156 0.0553836390094 0.407973659351 
1 0.0584486366989 0.0400757921221 0.0522347759899 0.0434763488821 -0.970178729812 
0 0.0413393093306 0.0665954009792 0.0642249894831 0.091105509391 -0.596412869928 
0 0.0833349310527 0.104034848777 0.0830667535439 0.111518006752 0.153181480474 
0 0.0942226848325 0.104034848777 0.110472955814 0.118322172539 -0.356020908642 
0 0.101999651818 0.0946749868279 0.112185843456 0.120023213986 -0.770418682217 
0 0.103555045215 0.0962349638195 0.0916311917533 0.0962086337312 -1.16302514509 
0 0.0911118980383 0.0821951708951 0.0916311917533 0.0860023850508 -1.08017614786 
1 0.0802241442585 0.0665954009792 0.081353865902 0.0808992607105 -1.09404160936 
1 0.0677809970816 0.0915550328447 0.0899183041114 0.111518006752 -0.708616156856 
1 0.103555045215 0.130554457635 0.132740495159 0.150641960027 0.223234528381 
0 0.14399527354 0.188273606324 0.177275573848 0.174456540282 1.03353324432 
0 0.187546288659 0.169553882424 0.166998247996 0.160848208708 -0.160949526059 
0 0.137773699952 0.141474296576 0.163572472713 0.159147167261 -0.507099053534 
0 0.13310751976 0.130554457635 0.146443596294 0.135332587006 0.0843316337725 
0 0.115998192392 0.153954112508 0.146443596294 0.14383779424 0.15218836202 
1 0.134662913157 0.147714204542 0.165285360354 0.165951333048 -1.05159534465 
0 0.147106060334 0.172673836408 0.161859585071 0.203374244876 -0.494417694807 
1 0.184435501865 0.166433928441 0.178988461489 0.159147167261 -0.639556227404 
0 0.164215387703 0.23351293908 0.184127124415 0.257807571172 0.813356973108 
1 0.22487573019 0.228833008105 0.22523642782 0.22208570079 -0.352411305029 
0 0.199989435836 0.281872225819 0.238939528955 0.305436731681 1.77121017326 
0 0.268426745309 0.281872225819 0.269771506509 0.259508612619 -0.305830229826 
1 0.241985057558 0.255352616962 0.268058618868 0.259508612619 -0.178777912161 
0 0.238874270764 0.266272455903 0.280048832361 0.295230483 -0.688257228539 
0 0.282425285883 0.264712478912 0.28861327057 0.281622151426 -0.914220324587 
0 0.265315958515 0.267832432895 0.28861327057 0.302034648787 -0.652361725938 
0 0.269982138706 0.260032547937 0.268058618868 0.245900281045 -1.17993680646 
1 0.234208090573 0.250672685987 0.240652416597 0.233992990918 -0.701406498845 
0 0.234208090573 0.247552732004 0.202968888476 0.276519027086 -0.0128793841783 
1 0.277759105692 0.260032547937 0.254355517732 0.266312778406 0.75789512711 
0 0.245095844353 0.27251236387 0.264632843584 0.303735690234 -0.332224262598 
0 0.279314499089 0.267832432895 0.298890596422 0.288426317213 -0.681782860152 
1 0.259094384927 0.264712478912 0.290326158212 0.300333607341 0.175106480201 
0 0.268426745309 0.334911443533 0.312593697557 0.35816901653 1.15982162471 
0 0.332197874591 0.347391259466 0.382822090874 0.359870057977 0.369585811398 
0 0.330642481194 0.356751121416 0.382822090874 0.36837526521 -0.07463416346 
1 0.332197874591 0.328671535567 0.355415888604 0.332653394829 -0.57913833835 
0 0.307311580237 0.323991604592 0.350277225678 0.366674223764 -0.548704987248 
0 0.332197874591 0.334911443533 0.357128776246 0.364973182317 -0.717525575299 
0 0.355528775548 0.369230937349 0.394812304367 0.373478389551 0.181332568973 
0 0.358639562342 0.3411513515 0.377683427948 0.373478389551 -1.03335634226 
0 0.3275316944 0.327111558576 0.346851450394 0.34796276785 0.0325557851154 
0 0.319754727414 0.305271880693 0.350277225678 0.334354436276 -0.288507952168 
0 0.290202252869 0.291232087769 0.322871023408 0.324148187595 -0.167452542093 
1 0.296423826457 0.305271880693 0.326296798692 0.346261726403 0.20594089837 
0 0.301090006649 0.316191719634 0.328009686334 0.339457560616 -0.0693916439261 
0 0.330642481194 0.328671535567 0.343425675111 0.375179430997 0.115557569794 
0 0.324420907605 0.333351466542 0.345138562752 0.341158602063 -0.542192421999 
0 0.290202252869 0.306831857685 0.322871023408 0.327550270489 -0.444102876184 
0 0.282425285883 0.289672110777 0.31601947284 0.334354436276 -1.34764013625 
0 0.297979219854 0.281872225819 0.326296798692 0.320746104702 -1.0738354685 
1 0.296423826457 0.278752271836 0.312593697557 0.291828400107 -0.843766209612 
0 0.299534613252 0.319311673618 0.336574124543 0.354766933637 1.56297042194 
1 0.325976301003 0.328671535567 0.357128776246 0.342859643509 0.221697104619 
0 0.30575618684 0.378590799298 0.355415888604 0.370076306657 -0.0456522931771 
1 0.36486113593 0.384830707265 0.394812304367 0.395591928358 1.19092342092 
1 0.380415069901 0.458149625869 0.432495832489 0.475540876355 1.59922879475 
1 0.436409232198 0.462829556844 0.475318023536 0.519767953971 1.5937379956 
0 0.465961706743 0.515868774558 0.513001551657 0.536778368438 0.326480650786 
0 0.493958787891 0.47842932676 0.490734012313 0.490850249376 -0.0455377025862 
0 0.444186199183 0.484669234727 0.492446899955 0.507860663844 -0.210958769773 
1 0.469072493537 0.490909142693 0.516427326941 0.501056498057 -0.829203655351 
0 0.448852379375 0.523668659516 0.511288664015 0.57250023882 -0.514518794295 
0 0.525066655833 0.525228636508 0.547259304495 0.548685658565 -0.868680113918 
1 0.473738673728 0.529908567483 0.538694866286 0.550386700012 -0.837626063783 
1 0.489292607699 0.511188843584 0.540407753927 0.570799197373 -1.07262271808 
1 0.53750980301 0.706185967533 0.608923259603 0.7136866789 1.1162390033 
0 0.647942734205 0.681226335668 0.703132079907 0.751109590728 0.484329189757 
1 0.719490830472 0.743625415331 0.76993469794 0.80214083413 1.2628194675 
0 0.719490830472 0.737385507365 0.76993469794 0.798738751237 1.36104270234 
0 0.763041845592 0.790424725079 0.735676945102 0.798738751237 1.80504304523 
0 0.713269256884 0.734265553382 0.756231596805 0.771522088089 -0.041059120325 
0 0.675939815353 0.684346289651 0.718548068684 0.720490844687 0.777996226598 
0 0.675939815353 0.687466243634 0.70655785519 0.683067932858 1.74954300237 
1 0.660385881382 0.662506611768 0.766508922656 0.740903342048 2.09465166531 
1 0.672829028559 0.715545829483 0.759657372089 0.774924170983 -0.265503891044 
0 0.728823190855 0.77170500118 0.76993469794 0.842965828852 -0.0768495815508 
0 0.781706566357 0.843463942793 0.845301754183 0.856574160426 0.228677581449 
1 0.778595779563 0.774824955163 0.828172877764 0.819151248598 -0.387523771925 
0 0.781706566357 0.824744218894 0.865856405886 0.914409569616 0.020772052684 
0 0.853254662624 0.837224034827 0.865856405886 0.880388740681 -0.114654927333 
0 0.803482073917 0.790424725079 0.831598653048 0.832759580172 0.134197639248 
1 0.766152632386 0.827864172877 0.828172877764 0.880388740681 0.624081964581 
0 0.781706566357 0.818504310928 0.852153304751 0.883790823574 0.549531235982 
0 0.82836836827 0.812264402962 0.841875978899 0.836161663065 0.167648542576 
1 0.738155551238 0.743625415331 0.650032563008 0.703480430219 6.4524649929 
0 0.619945653057 0.687466243634 0.701419192265 0.761315839409 0.886246138139 
1 0.725712404061 0.721785737449 0.674012989995 0.666057518391 1.45228546034 
0 0.601280932292 0.678106381684 0.656884113576 0.757913756515 1.67565116967 
1 0.68838296253 0.721785737449 0.718548068684 0.7136866789 -0.239424982397 
1 0.679050602147 0.756105231264 0.749380046238 0.812347082811 1.48595599564 
1 0.738155551238 0.799784587029 0.831598653048 0.883790823574 0.318898573354 
0 0.843922302242 0.912102930424 0.917243035142 0.972244978805 2.80683218778 
1 0.946578266451 1.22097837476 1.04057094536 1.04028663667 8.60239456102 
0 0.977686134393 1.13673961721 1.0748286982 1.23080327871 5.18658273518 
0 1.12700390052 1.11177998535 1.12621532745 1.10832829454 3.96775901345 
0 0.983907707982 1.0462609517 1.05769982178 1.09131788008 2.12202926732 
0 0.983907707982 1.00570154992 1.04399672064 1.05389496825 2.18933214104 
0 0.977686134393 0.983861872037 1.01316474309 1.01987413931 1.47714206935 
1 0.949689053245 1.04938090568 1.03371939479 1.0266783051 3.94010448418 
0 0.903027251332 1.0088215039 1.00288741724 1.08451371429 4.55632493599 
0 1.0305695099 1.09618021543 1.13991842859 1.17977203531 3.94086842145 
0 0.971464560805 1.0462609517 1.03714517007 1.0266783051 2.69191692354 
0 0.934135119274 0.971382056104 0.996035866669 0.989255393272 1.28159322598 
1 0.952799840039 0.946422424239 0.982332765534 1.01647205642 1.7104867093 
1 0.934135119274 1.00258159594 1.01659051837 1.10152412876 0.884403139469 
1 1.01501557592 1.0649806756 1.1364926533 1.16616370373 0.88757347915 
0 1.09278524578 1.10554007738 1.18102773199 1.22059703003 1.75266559597 
0 1.13944704769 1.20225865086 1.24954323767 1.25461785896 2.07435003229 
1 1.12700390052 1.13361966323 1.10566067575 1.11173037744 1.48319627224 
0 0.962132200422 1.02442127382 1.03714517007 1.09471996297 1.95533815442 
0 1.0305695099 1.0462609517 1.09880912518 1.10152412876 -0.565750337646 
1 0.987018494776 0.983861872037 0.944649237413 0.985853310379 1.74315457692 
0 0.868808596595 0.930822654323 0.95150078798 1.01647205642 0.375449029966 
1 0.934135119274 0.933942608306 0.920668810426 0.911007486722 0.196038361473 
1 0.884362530566 0.968262102121 0.989184316102 1.05049288536 1.45542715238 
0 0.959021413628 1.04002104373 1.03371939479 1.15255537216 0.581855331833 
0 1.05545580425 1.06186072162 1.12278955217 1.15255537216 0.121602223464 
0 1.05545580425 1.0462609517 1.10223490047 1.09471996297 -0.489242019785 
0 0.983907707982 0.98698182602 1.05084827121 1.06750329982 0.481139751643 
0 0.996350855159 0.980741918054 1.06797714763 1.06410121693 -0.806104102068 
0 0.999461641953 1.03066118178 1.07140292291 1.06750329982 0.95372089775 
0 0.983907707982 1.04002104373 1.08168024876 1.15255537216 0.855669548799 
0 1.01501557592 1.04002104373 1.1364926533 1.13894704059 -0.943269039381 
0 1.05234501745 1.03690108975 1.1159380016 1.09471996297 -0.354884551949 
0 0.987018494776 0.99634168797 1.08510602405 1.06410121693 -0.798569770716 
29871.0979548 30465.5005382 29325.2421959 29922.0667384 242014.737352 
32146.20821508572 32051.75478189734 29190.472729983325 29393.75762752477 104720.63984716771 
