1138 
-1 -2.56569965762 -2.5603464759 -2.853396697 -2.77137407588 23.7035747115 
-1 -2.8373767184 -2.74269563421 -2.99626107566 -2.78098608005 7.36877255454 
-1 -2.78943370767 -2.68088236021 -2.88060895961 -2.72651805642 2.70610440216 
-1 -2.73509829552 -2.68088236021 -2.8125783031 -2.73613006059 0.265592815129 
-1 -2.72550969337 -2.70869833351 -2.86360129548 -2.75215006754 -0.163138508884 
-1 -2.7734527041 -2.76123961642 -2.95204114893 -2.8578821134 2.24812147286 
-1 -2.87892732769 -2.81996222672 -2.98605647719 -2.89633013008 0.0768777925803 
-1 -2.87573112698 -2.76742094382 -2.97925341154 -2.79380208561 1.92118262808 
-1 -2.7734527041 -2.73651430681 -2.91462428786 -2.80982209255 0.45962328492 
1 -2.81819951411 -2.68397302391 -2.91122275503 -2.70729404808 3.40049711861 
0 -2.70313628837 -2.5974344403 -2.79216910615 -2.64001001889 3.09511968091 
0 -2.62642747121 -2.6097970951 -2.75475224507 -2.67205003279 0.317659784775 
1 -2.6679780805 -2.62525041361 -2.77856297485 -2.65282602445 -0.079500667831 
0 -2.68395908408 -2.5881624492 -2.80237370463 -2.62078601055 0.595372483487 
0 -2.58807306263 -2.5788904581 -2.76155531072 -2.66564203001 0.242100535772 
0 -2.66158567907 -2.64070373211 -2.95544268176 -2.75215006754 0.673872428771 
1 -2.75427549981 -2.70251700611 -2.87380589396 -2.75215006754 -0.705069994312 
0 -2.82459191554 -2.76123961642 -2.91122275503 -2.797006087 -0.0180900518846 
0 -2.77664890481 -2.71178899721 -2.87040436113 -2.76176207171 -0.314001776645 
0 -2.7734527041 -2.73960497051 -2.87720742678 -2.77778207866 2.3338233498 
1 -2.75427549981 -2.74269563421 -2.89421509091 -2.80982209255 2.39707606228 
1 -2.79902230982 -2.6036157677 -2.88060895961 -2.63039801472 6.14883857307 
0 -2.6040540662 -2.5356211663 -2.69692618705 -2.56952198832 5.49903347043 
1 -2.54971865405 -2.5325305026 -2.69352465422 -2.6047660036 0.879166320171 
0 -2.58807306263 -2.4861705471 -2.69692618705 -2.52786997025 1.62275189179 
0 -2.52414904833 -2.46144523749 -2.60508480077 -2.52466596886 1.7672233065 
0 -2.53373765047 -2.47689855599 -2.62209246489 -2.52786997025 1.33671646775 
0 -2.50177564332 -2.4954425382 -2.60848633359 -2.5438899772 0.0095968810366 
0 -2.5401300519 -2.5325305026 -2.64930472749 -2.5727259897 0.247726698093 
0 -2.54971865405 -2.5139865204 -2.63910012902 -2.56311398554 -0.750833886643 
1 -2.55291485476 -2.5448931574 -2.7037292527 -2.59515399943 0.529944765449 
1 -2.57209205905 -2.45217324639 -2.65950932597 -2.48942195357 3.59765693312 
0 -2.45702883331 -2.36254399909 -2.55066027556 -2.36446589936 3.17720394657 
0 -2.36433901258 -2.26982408808 -2.44861429081 -2.3228138813 1.88395230345 
1 -2.325984604 -2.27600541548 -2.39759129843 -2.3228138813 0.225199854875 
1 -2.28763019542 -2.19255749557 -2.34996983888 -2.20746983126 1.72622001305 
1 -2.1981365754 -2.00402700986 -2.2717345839 -1.99280173814 5.060325973 
1 -1.90088990891 -1.57133409183 -1.92817976856 -1.54424154356 11.9739584173 
1 -1.6228204467 -1.35498763281 -1.76490619295 -1.49618152271 16.0085493287 
1 -1.44702940738 -1.03046794429 -1.52679889519 -1.07966134203 13.9722336714 
0 -1.17535234661 -0.82957480377 -1.28869159742 -1.14374136983 21.0683557397 
1 -0.999561307283 -0.999561307283 -1.2716839333 -1.19180139067 7.16884959521 
1 -1.14339033946 -1.03046794429 -1.28869159742 -1.11170135593 8.59221317761 
1 -1.04750431801 -0.937748033278 -1.08459962791 -0.983541300334 6.33663254735 
1 -0.871713278684 -0.458695159742 -0.914522986654 -0.390801043209 12.7611883606 
0 -0.264435142838 0.159437580304 -0.200201093367 -0.102440918122 22.8615812356 
1 0.0551849286605 0.0821709877986 -0.778461673647 -0.663141161348 25.1750991311 
0 -0.72788424651 -0.489601796745 -0.710431017143 -0.470901077956 11.6924838468 
1 -0.344340160712 -0.365975248735 -0.914522986654 -0.855381244739 12.3341326786 
0 -0.839751271534 -0.69049493726 -1.01656897141 -0.663141161348 9.38550206488 
0 -0.679941235785 -0.644134981756 -0.812477001898 -0.759261203044 4.01266130883 
1 -0.75984625366 -0.675041618759 -0.778461673647 -0.823341230841 2.74487720521 
1 -0.791808260809 -0.675041618759 -0.897515322528 -0.631101147449 4.18268903878 
0 -0.552093207186 -0.443241841241 -0.55736204001 -0.486921084905 5.90412825452 
0 -0.344340160712 -0.381428567236 -0.489331383507 -0.470901077956 3.58062308862 
0 -0.568074210761 -0.551415070749 -0.64240036064 -0.679161168297 1.91366998135 
1 -0.600036217911 -0.597775026253 -0.795469337773 -0.534981105753 2.80878463876 
1 -0.584055214336 -0.535961752248 -0.608385032388 -0.551001112703 0.918327517077 
0 -0.472188189311 -0.443241841241 -0.472323719381 -0.37478103626 4.67128850031 
0 -0.360321164287 -0.381428567236 -0.370277734626 -0.342741022362 3.73521493733 
0 -0.296397149987 -0.335068611733 -0.506339047633 -0.534981105753 2.30373947198 
0 -0.456207185736 -0.489601796745 -0.540354375884 -0.534981105753 0.413559774476 
1 -0.647979228635 -0.675041618759 -0.710431017143 -0.759261203044 4.5956293786 
0 -0.807789264384 -0.721401574262 -0.897515322528 -0.743241196094 2.85424891298 
1 -0.69592223936 -0.659588300257 -0.812477001898 -0.791301216942 1.2795559902 
0 -0.72788424651 -0.644134981756 -0.693423353017 -0.583041126601 1.76454893743 
0 -0.568074210761 -0.56686838925 -0.574369704136 -0.534981105753 0.851224157007 
1 -0.488169192886 -0.535961752248 -0.506339047633 -0.502941091855 0.22897282369 
0 -0.472188189311 -0.288708656229 -0.472323719381 -0.214580966767 13.2061212565 
1 -0.248454139263 -0.257802019227 -0.319254742248 -0.37478103626 2.85802188179 
0 -0.552093207186 -0.365975248735 -0.523346711758 -0.294681001514 1.40905759629 
0 -0.248454139263 -0.288708656229 -0.319254742248 -0.342741022362 0.130342980081 
1 -0.376302167862 -0.365975248735 -0.387285398751 -0.422841057108 -0.715356882816 
1 -0.376302167862 -0.335068611733 -0.421300727003 -0.278660994564 0.420462088014 
0 -0.264435142838 -0.273255337728 -0.285239413996 -0.246620980666 1.10770835765 
0 -0.152568117813 -0.134175471218 -0.149178100989 -0.182540952869 2.44622452958 
0 -0.216492132113 -0.226895382225 -0.217208757493 -0.198560959818 0.180545659254 
0 -0.152568117813 -0.16508210822 -0.115162772737 -0.0864209111727 1.50088499907 
0 -0.0726630999387 0.00490439529274 0.00389087614389 0.0737791583204 3.28053890423 
0 0.00724191793578 0.113077624801 0.0719215326474 0.00969913052317 4.36439077812 
1 0.103127939385 0.0821709877986 -0.0471321162338 0.0577591513711 3.19176316741 
0 0.11910894296 0.143984261803 0.190975181529 0.153879193067 1.28092091716 
0 0.230975967984 0.143984261803 0.00389087614389 0.0897991652697 2.1361530748 
0 0.103127939385 0.0512643507962 0.0719215326474 -0.00632087642613 1.01497100357 
0 -0.0566820963638 -0.0414555602108 0.00389087614389 0.00969913052317 -0.160342073174 
0 0.0232229215107 -0.0260022417096 -0.0641397803596 0.0417391444218 1.97524705181 
0 -0.00873908563912 -0.0723621972131 -0.013116787982 -0.0864209111727 -0.723557541505 
1 0.00724191793578 -0.0569088787119 0.00389087614389 -0.0864209111727 -0.547382091782 
0 -0.024720089214 0.0203577137939 0.0208985402698 0.105819172219 1.0614451018 
1 0.15107095011 0.128530943302 0.139952189151 0.185919206966 1.88053443759 
0 0.230975967984 0.283064128314 0.259005838032 0.362139283408 2.8292141552 
0 0.438729014458 0.36033072082 0.446090143417 0.362139283408 0.543338804742 
0 0.374805000159 0.329424083817 0.378059486913 0.31407926256 -0.0541551949684 
1 0.262937975134 0.252157491311 0.31002883041 0.346119276459 -0.696181323662 
0 0.310880985859 0.344877402318 0.412074815165 0.410199304256 0.0333776815377 
0 0.438729014458 0.344877402318 0.480105471669 0.394179297307 -0.577410484762 
0 0.374805000159 0.283064128314 0.395067151039 0.330099269509 -1.01189003773 
1 0.246956971559 0.174890898806 0.207982845654 0.169899200016 0.539332799618 
0 0.21499496441 0.298517446815 0.293021166284 0.346119276459 -0.385677087162 
0 0.342842993009 0.329424083817 0.395067151039 0.394179297307 -0.632651186999 
1 0.406767007308 0.329424083817 0.446090143417 0.426219311205 -0.570519268191 
0 0.422748010883 0.592130498337 0.548136128172 0.602439387648 2.88514286939 
0 0.582558046632 0.545770542834 0.684197441179 0.5543793668 0.0507777259547 
0 0.662463064507 0.576677179836 0.480105471669 0.362139283408 1.09648932391 
0 0.326861989434 0.313970765316 0.207982845654 0.201939213915 2.34173548734 
0 0.262937975134 0.23670417281 0.241998173906 0.233979227813 0.449347493382 
0 0.167051953685 0.190344217307 0.22499050978 0.137859186118 -0.857675485908 
0 0.135089946535 0.190344217307 0.22499050978 0.233979227813 -0.972151798539 
0 0.199013960835 0.190344217307 0.259005838032 0.266019241712 -0.841318556399 
0 0.15107095011 0.205797535808 0.241998173906 0.217959220864 -0.917077550809 
0 0.199013960835 0.159437580304 0.276013502158 0.169899200016 -1.08818168657 
0 0.135089946535 0.0667176692974 0.0379062043956 0.137859186118 2.59561190072 
0 0.0392039250856 0.00490439529274 -0.234216421618 -0.198560959818 1.49507018831 
0 -0.376302167862 -0.412335204239 -0.455316055255 -0.470901077956 1.64961764914 
0 -0.408264175012 -0.42778852274 -0.778461673647 -0.823341230841 4.96148528701 
0 -1.04750431801 -0.999561307283 -1.2716839333 -1.17578138373 8.37733150663 
1 -1.20731435376 -1.07682789979 -1.57782188756 -1.14374136983 9.04870911331 
0 -1.22329535733 -0.659588300257 -1.49278356693 -0.775281209993 11.4126294334 
1 -0.600036217911 -0.597775026253 -0.693423353017 -0.647121154398 4.06748032632 
0 -0.871713278684 -0.56686838925 -0.880507658402 -0.6150811405 2.83971188607 
0 -0.504150196461 -0.551415070749 -0.812477001898 -0.807321223891 0.545081028577 
0 -0.63199822506 -0.613228344754 -0.625392696514 -0.551001112703 -0.18602045505 
0 -0.552093207186 -0.56686838925 -0.540354375884 -0.551001112703 -0.340479140152 
0 -0.520131200036 -0.582321707752 -0.693423353017 -0.551001112703 0.0144906435289 
0 -0.791808260809 -0.783214848267 -1.18664561267 -1.20782139762 1.38280217213 
1 -1.23927636091 -1.09228121829 -1.50979123106 -1.48016151576 2.26292482698 
0 -1.35114338593 -1.01501462578 -1.37372991805 -1.04762132813 2.59947364527 
0 -0.967599300133 -0.922294714777 -1.11861495616 -1.09568134898 1.17977206202 
1 -0.919656289409 -0.906841396276 -1.01656897141 -1.01558131423 -0.119616203907 
1 -1.04750431801 -0.891388077775 -1.03357663553 -0.83936123779 -0.160453042845 
0 -0.711903242935 -0.705948255761 -0.744446345395 -0.663141161348 -0.213707387971 
1 -0.616017221485 -0.628681663255 -0.693423353017 -0.663141161348 -0.0974999484716 
0 -0.600036217911 -0.505055115246 -0.574369704136 -0.438861064057 1.58340204644 
0 -0.408264175012 -0.412335204239 -0.506339047633 -0.551001112703 1.04416712402 
1 -0.600036217911 -0.551415070749 -0.574369704136 -0.551001112703 -0.212442333721 
1 -0.616017221485 -0.42778852274 -0.55736204001 -0.438861064057 3.08882770056 
0 -0.520131200036 -0.288708656229 -0.523346711758 -0.214580966767 3.37133428906 
0 -0.136587114238 -0.103268834215 -0.0811474444855 -0.102440918122 1.37983928191 
0 -0.0566820963638 -0.103268834215 -0.115162772737 -0.118460925071 0.129244380338 
0 -0.168549121388 -0.103268834215 -0.115162772737 -0.118460925071 -0.228810360198 
0 -0.120606110663 -0.118722152717 -0.387285398751 -0.390801043209 0.392475536981 
1 -0.200511128538 -0.226895382225 -0.370277734626 -0.262640987615 -0.378419670676 
0 -0.104625107089 -0.0105489232084 -0.0981551086114 0.0737791583204 1.96584792067 
1 0.0232229215107 0.0821709877986 0.0889291967733 0.0417391444218 0.23065956269 
0 -0.00873908563912 0.0512643507962 0.0208985402698 0.137859186118 -0.332955396457 
0 0.15107095011 0.0976243062997 0.173967517403 0.121839179168 -0.37553445923 
0 -0.00873908563912 0.0667176692974 0.0549138685215 0.153879193067 0.0110727776613 
0 -0.0407010927889 -0.0414555602108 -0.132170436863 -0.182540952869 0.756156439838 
1 -0.0886441035136 -0.149628789719 -0.438308391129 -0.246620980666 1.08604707787 
0 -0.0726630999387 -0.103268834215 -0.0471321162338 -0.0223408833754 -0.634726319848 
0 0.0392039250856 -0.0260022417096 -0.0301244521079 -0.118460925071 -0.770985978902 
0 -0.136587114238 -0.149628789719 -0.0981551086114 -0.102440918122 -0.194054659232 
0 -0.104625107089 -0.0878155157143 -0.0811474444855 -0.0543808972741 0.063994213774 
0 -0.312378153562 -0.288708656229 -0.302247078122 -0.246620980666 0.32204308678 
0 -0.248454139263 -0.304161974731 -0.914522986654 -0.951501286435 7.66122202556 
1 -0.711903242935 -0.767761529766 -1.25467626917 -1.15976137678 8.96164230942 
1 -1.04750431801 -0.860481440773 -1.08459962791 -0.823341230841 4.85710721444 
0 -0.839751271534 -0.798668166768 -0.863499994276 -0.807321223891 0.858270731117 
1 -0.600036217911 -0.597775026253 -0.659408024765 -0.695181175246 1.33182270526 
0 -0.63199822506 -0.489601796745 -0.625392696514 -0.438861064057 1.62539296996 
1 -0.328359157137 -0.335068611733 -0.472323719381 -0.518961098804 1.12129104539 
0 -0.488169192886 -0.489601796745 -0.591377368262 -0.454881071007 -0.459005845776 
0 -0.392283171437 -0.381428567236 -0.370277734626 -0.326721015412 -0.40471948271 
0 -0.472188189311 -0.489601796745 -0.489331383507 -0.534981105753 0.542550920078 
0 -0.472188189311 -0.443241841241 -0.455316055255 -0.470901077956 -0.459516306263 
1 -0.424245178587 -0.474148478243 -0.727438681269 -0.727221189145 -0.0222958024166 
1 -0.568074210761 -0.56686838925 -0.591377368262 -0.518961098804 -0.629765975553 
0 -0.440226182162 -0.288708656229 -0.387285398751 -0.214580966767 1.20416319571 
1 -0.216492132113 -0.211442063724 -0.26823174987 -0.198560959818 0.483914545907 
0 -0.280416146412 -0.195988745222 -0.285239413996 -0.118460925071 0.944327710998 
0 -0.0566820963638 -0.103268834215 -0.115162772737 -0.134480932021 -0.00507330947318 
0 -0.0726630999387 -0.0878155157143 -0.251224085744 -0.262640987615 0.478821038007 
0 -0.248454139263 -0.288708656229 -0.3532700705 -0.342741022362 -0.406761324657 
1 -0.440226182162 -0.180535426721 -0.370277734626 -0.214580966767 -0.429432428448 
1 -0.392283171437 -0.134175471218 -0.336262406374 -0.0704009042234 1.7766002437 
0 0.00724191793578 0.0667176692974 0.0208985402698 0.0897991652697 6.05330478328 
0 0.199013960835 0.190344217307 0.276013502158 0.185919206966 2.5071024911 
0 0.199013960835 0.143984261803 0.139952189151 0.0417391444218 -0.496447012781 
0 0.103127939385 0.174890898806 0.139952189151 0.105819172219 0.0159998310549 
0 0.199013960835 0.159437580304 0.241998173906 0.249999234763 -0.424982544639 
1 0.103127939385 0.128530943302 0.173967517403 0.105819172219 0.770604691006 
0 0.15107095011 0.113077624801 0.156959853277 0.201939213915 -0.442748788971 
0 0.294899982284 0.221250854309 0.327036494536 0.266019241712 -0.445123539931 
0 0.21499496441 0.143984261803 0.207982845654 0.105819172219 -1.04727826582 
0 0.15107095011 0.0976243062997 0.139952189151 0.0417391444218 -1.08441981472 
0 0.0392039250856 0.0203577137939 0.00389087614389 0.105819172219 -0.925744282116 
0 -0.024720089214 0.0203577137939 0.0719215326474 0.0417391444218 -1.44946564453 
1 0.00724191793578 0.0976243062997 0.0889291967733 0.105819172219 -1.07107016329 
0 0.0711659322354 0.128530943302 0.156959853277 0.137859186118 -1.11927538839 
0 0.262937975134 0.190344217307 0.173967517403 0.137859186118 -0.823052948548 
0 0.0711659322354 0.0512643507962 0.105936860899 0.105819172219 -1.1391056686 
0 0.0392039250856 0.0358110322951 0.0208985402698 0.0417391444218 -0.561353173365 
0 0.0392039250856 0.0203577137939 0.0549138685215 0.0417391444218 -1.07539798046 
1 0.0711659322354 0.0512643507962 0.139952189151 0.0577591513711 -1.25571259891 
0 0.0232229215107 -0.0105489232084 0.0379062043956 0.0417391444218 -1.31959783853 
0 0.18303295726 0.0976243062997 0.0379062043956 -0.0543808972741 0.434510848366 
0 -0.0566820963638 -0.103268834215 -0.0471321162338 -0.0704009042234 -0.634282441163 
0 -0.0726630999387 -0.103268834215 -0.0641397803596 -0.118460925071 -0.976446324808 
0 -0.104625107089 -0.0723621972131 -0.0301244521079 -0.0704009042234 -0.981007178287 
0 -0.0407010927889 -0.118722152717 -0.115162772737 -0.118460925071 -0.863701139045 
0 -0.104625107089 -0.180535426721 -0.200201093367 -0.230600973716 -0.446477369917 
0 -0.280416146412 -0.350521930234 -0.302247078122 -0.326721015412 -0.858030588855 
0 -0.248454139263 -0.319615293232 -0.55736204001 -0.534981105753 0.871631479509 
0 -0.616017221485 -0.582321707752 -0.625392696514 -0.647121154398 0.294899905247 
1 -0.647979228635 -0.551415070749 -0.591377368262 -0.6150811405 -0.428300537803 
0 -0.66396023221 -0.628681663255 -0.710431017143 -0.567021119652 -0.300485670714 
0 -0.520131200036 -0.505055115246 -0.523346711758 -0.438861064057 -0.197638979606 
1 -0.456207185736 -0.520508433747 -0.778461673647 -0.743241196094 0.135314421343 
0 -0.647979228635 -0.675041618759 -0.676415688891 -0.6150811405 -1.05234957979 
0 -0.504150196461 -0.535961752248 -0.523346711758 -0.567021119652 -1.39921857749 
1 -0.616017221485 -0.628681663255 -0.64240036064 -0.663141161348 -1.35652854504 
0 -0.647979228635 -0.597775026253 -0.608385032388 -0.551001112703 -0.893085907933 
0 -0.536112203611 -0.551415070749 -0.506339047633 -0.534981105753 -1.12542310816 
0 -0.520131200036 -0.582321707752 -0.625392696514 -0.59906113355 -0.934755019403 
1 -0.600036217911 -0.613228344754 -0.64240036064 -0.551001112703 -1.20657522858 
0 -0.616017221485 -0.505055115246 -0.591377368262 -0.454881071007 -1.13045003426 
0 -0.456207185736 -0.505055115246 -0.608385032388 -0.663141161348 -0.993546751113 
0 -0.63199822506 -0.659588300257 -0.591377368262 -0.647121154398 -1.05425825813 
0 -0.600036217911 -0.535961752248 -0.55736204001 -0.583041126601 -0.564615681693 
0 -0.568074210761 -0.582321707752 -0.574369704136 -0.583041126601 -1.17340639391 
0 -0.568074210761 -0.628681663255 -0.64240036064 -0.679161168297 -1.30103261256 
1 -0.679941235785 -0.721401574262 -0.761454009521 -0.775281209993 -0.938938576001 
0 -0.791808260809 -0.767761529766 -0.744446345395 -0.743241196094 -1.35062495854 
0 -0.69592223936 -0.752308211264 -0.761454009521 -0.775281209993 -1.33913959759 
0 -0.775827257234 -0.814121485269 -0.812477001898 -0.807321223891 -0.999217301303 
0 -0.791808260809 -0.721401574262 -0.761454009521 -0.695181175246 -0.773160984454 
0 -0.72788424651 -0.705948255761 -0.744446345395 -0.663141161348 -1.44381728827 
0 -0.66396023221 -0.69049493726 -0.744446345395 -0.743241196094 -0.247497652799 
0 -0.743865250085 -0.783214848267 -0.897515322528 -0.919461272537 0.773034926801 
0 -0.871713278684 -0.860481440773 -0.863499994276 -0.823341230841 0.00400400961683 
0 -0.807789264384 -0.845028122271 -0.880507658402 -0.855381244739 0.383475896661 
0 -0.855732275109 -0.783214848267 -0.812477001898 -0.775281209993 -0.138558726752 
0 -0.775827257234 -0.752308211264 -0.761454009521 -0.791301216942 -0.632662283966 
0 -0.791808260809 -0.82957480377 -0.863499994276 -0.887421258638 -0.346482599355 
1 -0.887694282259 -0.937748033278 -1.05058429966 -1.04762132813 -0.193854913824 
0 -1.07946632516 -0.937748033278 -1.05058429966 -0.887421258638 -0.71511274954 
0 -0.919656289409 -0.922294714777 -0.965545979031 -0.983541300334 -0.925089561057 
0 -0.903675285834 -0.937748033278 -0.93153065078 -0.935481279486 -0.829178474388 
0 -0.903675285834 -0.860481440773 -0.93153065078 -0.903441265587 0.213215130404 
1 -0.871713278684 -0.906841396276 -1.06759196379 -0.951501286435 0.706020342468 
1 -0.935637292984 -0.82957480377 -0.93153065078 -0.791301216942 0.788481905008 
0 -0.775827257234 -0.613228344754 -0.778461673647 -0.583041126601 2.60329100195 
0 -0.600036217911 -0.582321707752 -0.676415688891 -0.534981105753 0.764800977211 
0 -0.568074210761 -0.582321707752 -0.64240036064 -0.534981105753 0.403994188834 
0 -0.600036217911 -0.56686838925 -0.574369704136 -0.583041126601 -0.555194356623 
0 -0.552093207186 -0.489601796745 -0.540354375884 -0.518961098804 -0.112780472172 
0 -0.520131200036 -0.535961752248 -0.540354375884 -0.551001112703 -0.877039693502 
1 -0.600036217911 -0.628681663255 -0.676415688891 -0.695181175246 -0.582725932004 
0 -0.63199822506 -0.520508433747 -0.608385032388 -0.534981105753 0.725129319819 
1 -0.488169192886 -0.535961752248 -0.676415688891 -0.663141161348 0.770604691006 
0 -0.69592223936 -0.659588300257 -0.727438681269 -0.59906113355 -0.45079409012 
0 -0.600036217911 -0.56686838925 -0.64240036064 -0.695181175246 -0.345062187566 
1 -0.69592223936 -0.736854892763 -0.744446345395 -0.791301216942 -1.01275560117 
0 -0.791808260809 -0.752308211264 -0.761454009521 -0.711201182196 -0.727907552609 
0 -0.66396023221 -0.69049493726 -0.710431017143 -0.679161168297 -0.45298019264 
1 -0.72788424651 -0.675041618759 -0.676415688891 -0.663141161348 -1.42265537201 
0 -0.647979228635 -0.613228344754 -0.625392696514 -0.583041126601 -0.735342520568 
0 -0.536112203611 -0.582321707752 -0.591377368262 -0.6150811405 -0.85697637698 
0 -0.600036217911 -0.597775026253 -0.608385032388 -0.551001112703 0.349718922734 
0 -0.536112203611 -0.597775026253 -0.591377368262 -0.59906113355 -0.544219456158 
0 -0.69592223936 -0.628681663255 -0.659408024765 -0.679161168297 -0.528650411313 
1 -0.647979228635 -0.69049493726 -0.676415688891 -0.695181175246 -0.0643200168345 
0 -0.647979228635 -0.628681663255 -0.64240036064 -0.567021119652 -1.02527298006 
1 -0.536112203611 -0.56686838925 -0.55736204001 -0.59906113355 -1.02927898518 
0 -0.584055214336 -0.443241841241 -0.523346711758 -0.37478103626 1.94278842303 
0 -0.312378153562 -0.365975248735 -0.370277734626 -0.422841057108 0.487532157183 
0 -0.424245178587 -0.443241841241 -0.523346711758 -0.583041126601 0.821406606402 
0 -0.743865250085 -0.798668166768 -0.795469337773 -0.807321223891 11.2851696693 
0 -0.75984625366 -0.798668166768 -0.93153065078 -0.919461272537 7.67387256806 
1 -0.871713278684 -0.891388077775 -0.897515322528 -0.887421258638 3.40179546376 
0 -0.919656289409 -0.906841396276 -0.880507658402 -0.871401251689 0.952506175753 
0 -0.807789264384 -0.783214848267 -0.778461673647 -0.759261203044 4.50980543503 
0 -0.791808260809 -0.783214848267 -0.761454009521 -0.759261203044 0.58731608537 
0 -0.75984625366 -0.798668166768 -0.761454009521 -0.759261203044 0.0413342069503 
0 -0.711903242935 -0.721401574262 -0.693423353017 -0.727221189145 0.938568385072 
0 -0.711903242935 -0.675041618759 -0.676415688891 -0.6150811405 2.87878430724 
0 -0.63199822506 -0.628681663255 -0.625392696514 -0.59906113355 1.27965586291 
0 -0.568074210761 -0.628681663255 -0.55736204001 -0.583041126601 1.15554738283 
0 -0.584055214336 -0.582321707752 -0.55736204001 -0.534981105753 0.503478498909 
0 -0.504150196461 -0.474148478243 -0.455316055255 -0.502941091855 2.98290714957 
1 -0.504150196461 -0.520508433747 -0.608385032388 -0.59906113355 0.630505481334 
0 -0.63199822506 -0.273255337728 -0.591377368262 -0.214580966767 7.37353315342 
0 -0.200511128538 -0.195988745222 -0.200201093367 -0.182540952869 2.68112512921 
0 -0.232473135688 -0.16508210822 -0.251224085744 -0.230600973716 2.66503452691 
1 -0.232473135688 -0.257802019227 -0.319254742248 -0.294681001514 4.41568096007 
0 -0.280416146412 -0.257802019227 -0.285239413996 -0.214580966767 1.22217357332 
1 -0.152568117813 -0.211442063724 -0.26823174987 -0.326721015412 1.40195553735 
0 -0.360321164287 -0.288708656229 -0.285239413996 -0.230600973716 0.772613242051 
1 -0.216492132113 -0.257802019227 -0.183193429241 -0.230600973716 -0.17763114792 
0 -0.152568117813 -0.103268834215 -0.0811474444855 -0.0223408833754 2.7725752351 
0 -0.0407010927889 -0.0414555602108 0.00389087614389 -0.0383608903247 0.027363125368 
0 -0.0566820963638 -0.0414555602108 -0.013116787982 -0.0543808972741 0.23364464684 
1 -0.0566820963638 -0.0878155157143 -0.0301244521079 -0.0864209111727 -0.726276298445 
0 -0.136587114238 -0.0105489232084 -0.0471321162338 -0.0864209111727 0.0974404726216 
0 -0.00873908563912 -0.0569088787119 -0.013116787982 -0.0704009042234 -0.277337397338 
0 -0.024720089214 -0.0569088787119 -0.0301244521079 -0.0704009042234 0.178193102228 
1 0.00724191793578 -0.0105489232084 0.0379062043956 0.0417391444218 1.52629705373 
0 0.0871469358103 0.298517446815 0.190975181529 0.394179297307 5.33892642908 
1 0.486672025183 0.391237357822 0.395067151039 0.394179297307 3.07646567921 
0 0.326861989434 0.36033072082 0.395067151039 0.458259325104 0.336003071395 
1 0.454710018033 0.375784039321 0.344044158662 0.330099269509 1.10933961182 
1 0.21499496441 0.313970765316 0.31002883041 0.362139283408 0.481672958553 
1 0.406767007308 0.483957268829 0.463097807543 0.570399373749 2.32156120115 
0 0.518634032333 0.576677179836 0.633174448802 0.666519415445 1.98337003173 
0 0.630501057357 0.592130498337 0.667189777053 0.634479401546 -0.217391581049 
0 0.598539050207 0.514863905831 0.59915912055 0.602439387648 -0.167310968515 
0 0.582558046632 0.49941058733 0.480105471669 0.586419380698 0.624990288684 
0 0.502653028758 0.483957268829 0.480105471669 0.458259325104 0.443754621963 
0 0.374805000159 0.36033072082 0.139952189151 0.0417391444218 2.0040214875 
0 0.0871469358103 0.205797535808 0.122944525025 0.266019241712 0.962748676389 
1 0.167051953685 0.128530943302 0.0549138685215 0.00969913052317 1.57524577562 
0 0.0871469358103 0.143984261803 0.122944525025 0.233979227813 0.64431010841 
0 0.326861989434 0.23670417281 0.276013502158 0.249999234763 -0.12841609882 
0 0.18303295726 0.159437580304 0.207982845654 0.233979227813 -0.731325418477 
0 0.199013960835 0.252157491311 0.276013502158 0.249999234763 -0.921893634531 
1 0.294899982284 0.23670417281 0.293021166284 0.31407926256 -0.488224160158 
0 0.294899982284 0.283064128314 0.395067151039 0.330099269509 -0.632640090032 
1 0.422748010883 0.36033072082 0.463097807543 0.442239318154 0.359462059851 
0 0.390786003733 0.468503950328 0.463097807543 0.570399373749 2.98638050027 
0 0.550596039482 0.468503950328 0.565143792298 0.490299339002 -0.615961348477 
0 0.310880985859 0.298517446815 0.361051822787 0.266019241712 -0.354405833866 
0 0.358823996584 0.267610809813 0.22499050978 0.169899200016 1.42803341004 
0 0.294899982284 0.23670417281 0.344044158662 0.266019241712 0.174176000137 
0 0.278918978709 0.190344217307 0.139952189151 0.121839179168 0.428074607447 
1 0.18303295726 0.143984261803 0.22499050978 0.201939213915 0.248037413172 
0 0.135089946535 0.205797535808 0.241998173906 0.266019241712 0.807002743103 
0 0.310880985859 0.313970765316 0.344044158662 0.282039248661 0.24594008639 
1 0.294899982284 0.298517446815 0.344044158662 0.233979227813 2.53447870895 
0 0.278918978709 0.329424083817 0.344044158662 0.394179297307 1.22874297784 
1 0.454710018033 0.391237357822 0.480105471669 0.458259325104 0.731265942627 
0 0.438729014458 0.422143994824 0.531128464046 0.522339352901 0.06194127486 
0 0.550596039482 0.468503950328 0.633174448802 0.5543793668 -0.479779368193 
0 0.502653028758 0.453050631827 0.582151456424 0.506319345952 -1.25475825974 
0 0.422748010883 0.36033072082 0.480105471669 0.394179297307 -0.52314631563 
0 0.390786003733 0.329424083817 0.378059486913 0.410199304256 -0.786710381286 
0 0.390786003733 0.298517446815 0.378059486913 0.346119276459 -0.864977290262 
0 0.310880985859 0.267610809813 0.207982845654 0.266019241712 0.18664899116 
1 0.278918978709 0.283064128314 0.31002883041 0.346119276459 -0.887071351763 
0 0.278918978709 0.329424083817 0.361051822787 0.394179297307 -0.796952881922 
0 0.422748010883 0.36033072082 0.51412079992 0.426219311205 -1.15709385227 
1 0.406767007308 0.375784039321 0.293021166284 0.201939213915 0.252243163704 
0 0.230975967984 0.344877402318 0.327036494536 0.330099269509 1.04046073701 
0 0.342842993009 0.406690676323 0.429082479291 0.394179297307 0.54319454417 
0 0.390786003733 0.344877402318 0.327036494536 0.233979227813 -0.170573476843 
0 0.199013960835 0.143984261803 0.241998173906 0.201939213915 -1.19859650924 
0 0.18303295726 0.205797535808 0.276013502158 0.217959220864 -1.16095559682 
0 0.199013960835 0.23670417281 0.241998173906 0.298059255611 -1.06279182583 
0 0.294899982284 0.221250854309 0.276013502158 0.169899200016 -1.03805668616 
0 0.167051953685 0.128530943302 0.139952189151 0.201939213915 0.0555272278747 
0 0.199013960835 0.128530943302 0.173967517403 0.121839179168 -0.609613883294 
0 0.0551849286605 0.0667176692974 0.105936860899 0.0897991652697 -0.745940124151 
1 0.0711659322354 0.0512643507962 -0.013116787982 -0.0864209111727 -0.317230994072 
0 -0.024720089214 0.159437580304 0.0719215326474 0.249999234763 0.646240980686 
0 0.246956971559 0.190344217307 0.293021166284 0.217959220864 -0.705203157917 
0 0.167051953685 0.159437580304 0.22499050978 0.137859186118 -1.30168733362 
0 0.135089946535 0.143984261803 0.22499050978 0.169899200016 -1.05545673058 
1 0.103127939385 0.128530943302 0.139952189151 0.105819172219 -1.36096733188 
0 0.11910894296 0.113077624801 0.173967517403 0.185919206966 -1.28116904145 
0 0.246956971559 0.174890898806 0.241998173906 0.201939213915 -0.79037238043 
0 0.246956971559 0.221250854309 0.344044158662 0.298059255611 -0.580661896123 
0 0.294899982284 0.252157491311 0.344044158662 0.31407926256 -0.757403291168 
0 0.246956971559 0.221250854309 0.241998173906 0.169899200016 -0.435635633058 
0 0.167051953685 0.190344217307 0.259005838032 0.169899200016 -0.669803832859 
0 0.11910894296 0.113077624801 0.173967517403 0.0897991652697 -1.03863372845 
0 0.167051953685 0.113077624801 0.22499050978 0.153879193067 -1.21223468181 
0 0.15107095011 0.113077624801 0.173967517403 0.0737791583204 -0.917199617447 
1 0.135089946535 0.0821709877986 0.122944525025 0.0737791583204 -0.171106131264 
1 0.0551849286605 0.143984261803 0.139952189151 0.137859186118 0.894757558951 
0 0.167051953685 0.205797535808 0.259005838032 0.249999234763 -0.00755903010418 
0 0.278918978709 0.205797535808 0.344044158662 0.282039248661 -1.12118406673 
0 0.294899982284 0.252157491311 0.395067151039 0.346119276459 -0.486581809027 
0 0.342842993009 0.298517446815 0.429082479291 0.378159290357 -0.66566466413 
0 0.374805000159 0.298517446815 0.429082479291 0.394179297307 -0.646000838424 
0 0.358823996584 0.298517446815 0.378059486913 0.330099269509 -1.06764120046 
0 0.294899982284 0.267610809813 0.361051822787 0.298059255611 -0.702151491964 
0 0.278918978709 0.190344217307 0.241998173906 0.266019241712 -0.334664329391 
1 0.246956971559 0.267610809813 0.293021166284 0.362139283408 -0.288733982552 
1 0.294899982284 0.298517446815 0.378059486913 0.362139283408 -0.208214389255 
0 0.406767007308 0.406690676323 0.463097807543 0.506319345952 0.911502882309 
1 0.534615035908 0.530317224332 0.650182112927 0.522339352901 0.181144895477 
0 0.534615035908 0.576677179836 0.650182112927 0.666519415445 1.09434760926 
0 0.662463064507 0.623037135339 0.735220433557 0.730599443242 0.803473907564 
0 0.694425071657 0.731210364848 0.837266418312 0.746619450191 0.208432337583 
0 0.774330089531 0.76211700185 0.837266418312 0.874779505786 -0.438465359669 
0 0.806292096681 0.808476957353 0.871281746564 0.810699477988 -0.0983544149385 
1 0.758349085956 0.653943772342 0.718212769431 0.602439387648 -0.0145834102802 
0 0.646482060932 0.700303727845 0.769235761809 0.810699477988 -0.512127027297 
0 0.90217811813 0.823930275855 0.973327731319 0.906819519684 -0.517586735111 
1 0.93414012528 0.839383594356 1.00734305957 0.874779505786 -1.35191220673 
0 0.838254103831 0.854836912857 0.973327731319 0.970899547482 -1.13845094754 
1 0.96610213243 0.963010142365 1.12639670845 1.06701958918 -0.576678084933 
0 1.06198815388 1.00937009787 1.14340437258 1.13109961697 -0.927197984806 
0 1.18983618248 1.08663669037 1.19442736496 1.14711962392 0.295277202129 
0 1.14189317175 1.04027673487 1.0923813802 1.00293956138 -0.220432150035 
0 0.96610213243 0.870290231358 0.990335395445 0.874779505786 0.0471157268108 
0 0.90217811813 0.90119686836 1.0243507237 0.970899547482 -0.230286256823 
0 0.918159121705 0.854836912857 0.871281746564 0.826719484938 0.106928379494 
0 0.822273100256 0.777570320351 0.88828941069 0.77865946409 -0.405784791552 
0 0.790311093106 0.808476957353 0.88828941069 0.906819519684 -0.583680271175 
0 0.90217811813 0.885743549859 0.973327731319 0.922839526634 -0.908177783192 
0 0.838254103831 0.808476957353 0.939312403067 0.842739491887 -1.12605563529 
0 0.806292096681 0.746663683349 0.854274082438 0.858759498836 -0.113368611428 
0 0.870216110981 0.870290231358 0.922304738941 0.986919554431 -0.882898892132 
0 0.950121128855 0.885743549859 0.973327731319 0.890799512735 -1.16701454086 
0 0.886197114555 0.777570320351 0.922304738941 0.874779505786 -1.37895551556 
0 0.854235107406 0.793023638852 0.956320067193 0.826719484938 -1.41092587778 
0 0.774330089531 0.700303727845 0.650182112927 0.618459394597 1.33985690944 
0 0.646482060932 0.731210364848 0.718212769431 0.762639457141 0.0190625939752 
0 0.710406075232 0.623037135339 0.769235761809 0.650499408495 -1.25332675099 
0 0.598539050207 0.700303727845 0.718212769431 0.682539422394 -0.759511714917 
1 0.646482060932 0.623037135339 0.701205105305 0.570399373749 -1.01964681774 
0 0.518634032333 0.669397090843 0.650182112927 0.682539422394 -0.439375310972 
0 0.758349085956 0.669397090843 0.735220433557 0.602439387648 -1.26976135927 
0 0.646482060932 0.684850409344 0.752228097683 0.698559429343 -0.0650524166633 
0 0.694425071657 0.684850409344 0.786243425934 0.794679471039 -1.1348888211 
0 0.774330089531 0.715757046346 0.80325109006 0.746619450191 -1.26684285692 
0 0.614520053782 0.653943772342 0.735220433557 0.730599443242 -1.54940493025 
0 0.710406075232 0.638490453841 0.616166784676 0.506319345952 -0.34745913246 
1 0.454710018033 0.375784039321 0.31002883041 0.362139283408 1.39787185345 
0 0.294899982284 0.561223861335 0.31002883041 0.570399373749 0.970649716966 
0 0.470691021608 0.453050631827 0.446090143417 0.362139283408 0.173210563999 
0 0.422748010883 0.49941058733 0.497113135794 0.506319345952 0.390766604047 
1 0.422748010883 0.468503950328 0.497113135794 0.394179297307 -0.510817585179 
0 0.454710018033 0.545770542834 0.565143792298 0.634479401546 -0.432905779151 
0 0.582558046632 0.561223861335 0.395067151039 0.394179297307 1.54039020195 
0 0.502653028758 0.406690676323 0.463097807543 0.490299339002 -0.176876554157 
1 0.135089946535 0.221250854309 0.241998173906 0.201939213915 2.84999877458 
0 0.199013960835 0.190344217307 0.259005838032 0.266019241712 -0.127295305142 
0 0.342842993009 0.267610809813 0.378059486913 0.362139283408 -1.17492667841 
0 0.230975967984 0.221250854309 0.327036494536 0.217959220864 -1.06940561823 
1 0.11910894296 0.0821709877986 -0.0811474444855 0.137859186118 2.05534496035 
0 0.0711659322354 0.0976243062997 0.173967517403 0.153879193067 -0.768023088685 
1 0.199013960835 0.113077624801 -0.0471321162338 -0.00632087642613 -0.723280117327 
0 -0.00873908563912 0.159437580304 0.0889291967733 0.233979227813 0.271529692529 
1 0.15107095011 0.221250854309 0.241998173906 0.266019241712 -0.81971276145 
0 0.230975967984 0.422143994824 0.31002883041 0.394179297307 -0.459926894046 
1 0.422748010883 0.422143994824 0.361051822787 0.298059255611 -1.15589537983 
1 0.358823996584 0.391237357822 0.463097807543 0.474279332053 -0.353717821906 
0 0.486672025183 0.483957268829 0.548136128172 0.522339352901 -0.835992012189 
0 0.630501057357 0.592130498337 0.684197441179 0.682539422394 -0.150532354255 
0 0.678444068082 0.638490453841 0.769235761809 0.666519415445 -0.651382867469 
0 0.742368082381 0.638490453841 0.718212769431 0.698559429343 -1.05097355587 
0 0.742368082381 0.638490453841 0.769235761809 0.682539422394 -0.996287701988 
0 0.678444068082 0.607583816838 0.616166784676 0.618459394597 -0.500697151181 
1 0.630501057357 0.607583816838 0.701205105305 0.714579436293 -0.732856799937 
0 0.662463064507 0.700303727845 0.752228097683 0.810699477988 -0.0661399194393 
0 0.806292096681 0.715757046346 0.718212769431 0.602439387648 -0.549790133644 
0 0.614520053782 0.607583816838 0.718212769431 0.618459394597 -1.11233978395 
0 0.614520053782 0.638490453841 0.735220433557 0.714579436293 -0.905115020272 
0 0.678444068082 0.638490453841 0.786243425934 0.682539422394 -1.43874597431 
0 0.678444068082 0.638490453841 0.735220433557 0.618459394597 -1.26704260233 
0 0.630501057357 0.653943772342 0.735220433557 0.682539422394 -0.901619475635 
0 0.694425071657 0.638490453841 0.769235761809 0.698559429343 -1.37711341902 
0 0.742368082381 0.638490453841 0.735220433557 0.698559429343 -0.886372242836 
0 0.662463064507 0.607583816838 0.735220433557 0.682539422394 -0.824340196731 
0 0.694425071657 0.638490453841 0.752228097683 0.714579436293 -1.09024572245 
1 0.774330089531 0.669397090843 0.616166784676 0.506319345952 -0.252269348653 
0 0.486672025183 0.530317224332 0.480105471669 0.634479401546 -0.53034824728 
0 0.646482060932 0.545770542834 0.59915912055 0.522339352901 -0.834360758025 
0 0.518634032333 0.483957268829 0.59915912055 0.570399373749 -1.14100324997 
0 0.598539050207 0.49941058733 0.667189777053 0.602439387648 -1.69748285927 
0 0.630501057357 0.576677179836 0.684197441179 0.634479401546 -0.986333722497 
0 0.630501057357 0.530317224332 0.582151456424 0.506319345952 -0.197860918948 
0 0.534615035908 0.483957268829 0.531128464046 0.522339352901 0.27317204366 
0 0.566577043057 0.468503950328 0.497113135794 0.378159290357 -0.304502772805 
0 0.454710018033 0.36033072082 0.173967517403 0.169899200016 2.07085852036 
0 0.21499496441 0.128530943302 0.156959853277 0.121839179168 0.652810385211 
1 0.15107095011 0.205797535808 0.22499050978 0.266019241712 -0.842339477372 
0 0.230975967984 0.283064128314 0.344044158662 0.346119276459 -0.812877029714 
0 0.342842993009 0.298517446815 0.395067151039 0.282039248661 -1.18105220425 
0 0.278918978709 0.205797535808 0.276013502158 0.169899200016 -1.04990824703 
0 0.167051953685 0.0976243062997 0.0889291967733 -0.00632087642613 0.575497815406 
0 -0.024720089214 -0.0260022417096 -0.132170436863 -0.15050093897 1.29707810126 
0 -0.136587114238 -0.103268834215 -0.0981551086114 -0.134480932021 -0.134896727608 
0 -0.104625107089 -0.0878155157143 -0.0301244521079 -0.0864209111727 -0.45045008414 
0 -0.0566820963638 -0.0569088787119 0.0208985402698 -0.0223408833754 -1.00510979083 
0 0.0232229215107 -0.0414555602108 -0.013116787982 -0.0543808972741 -1.14262340717 
1 -0.0407010927889 -0.118722152717 -0.0981551086114 -0.15050093897 -0.340312685646 
0 -0.152568117813 -0.0569088787119 -0.132170436863 0.00969913052317 0.334904471652 
0 0.0392039250856 -0.0260022417096 0.0208985402698 -0.0704009042234 -0.825283438935 
0 -0.0407010927889 -0.118722152717 -0.302247078122 -0.342741022362 0.29802924997 
0 -0.344340160712 -0.412335204239 -0.591377368262 -0.534981105753 3.79871178309 
0 -0.552093207186 -0.535961752248 -0.591377368262 -0.502941091855 0.30752825381 
0 -0.472188189311 -0.396881885738 -0.421300727003 -0.37478103626 0.722687987056 
1 -0.392283171437 -0.443241841241 -0.472323719381 -0.438861064057 0.220073056074 
1 -0.488169192886 -0.365975248735 -0.438308391129 -0.310701008463 0.46854524647 
0 -0.232473135688 -0.180535426721 -0.200201093367 -0.166520945919 1.96386156356 
1 -0.136587114238 -0.195988745222 -0.234216421618 -0.246620980666 0.262940639991 
0 -0.312378153562 -0.195988745222 -0.285239413996 -0.15050093897 -0.372915574994 
0 -0.184530124963 -0.118722152717 -0.115162772737 -0.0864209111727 -0.374369277684 
1 -0.0886441035136 -0.103268834215 -0.0471321162338 -0.0704009042234 -0.547948037104 
0 -0.136587114238 -0.0723621972131 -0.0471321162338 0.00969913052317 -0.958180716957 
0 0.0551849286605 -0.0260022417096 0.0379062043956 0.00969913052317 -1.25360417517 
0 0.0711659322354 0.0203577137939 0.122944525025 0.105819172219 -1.08394264513 
0 0.103127939385 0.0203577137939 0.122944525025 0.0417391444218 -1.09213220685 
0 0.11910894296 0.0358110322951 0.0549138685215 0.00969913052317 -1.25314919951 
0 -0.0407010927889 -0.0569088787119 -0.0471321162338 0.00969913052317 -0.946340253059 
0 -0.0407010927889 -0.0569088787119 0.0379062043956 -0.0543808972741 -1.54121536853 
0 -0.00873908563912 -0.0878155157143 0.0379062043956 -0.00632087642613 -1.0857070629 
1 -0.0407010927889 -0.0569088787119 0.0379062043956 -0.0383608903247 -1.08708308682 
0 -0.0407010927889 -0.0105489232084 0.00389087614389 0.0737791583204 -1.04248437604 
0 0.0711659322354 0.00490439529274 0.0719215326474 -0.00632087642613 -1.37400626823 
0 -0.0407010927889 -0.0878155157143 -0.115162772737 -0.118460925071 0.00394852478132 
0 -0.0886441035136 -0.103268834215 -0.0471321162338 -0.0864209111727 -1.29121179668 
0 -0.00873908563912 -0.0105489232084 0.0549138685215 0.0737791583204 -0.970431768639 
1 0.0232229215107 0.0203577137939 0.105936860899 0.0737791583204 -0.900154675977 
0 0.0232229215107 0.0976243062997 0.105936860899 0.0737791583204 -0.784246854589 
0 0.135089946535 0.0667176692974 0.0549138685215 0.0417391444218 -1.00604193607 
0 -0.00873908563912 -0.0105489232084 0.0208985402698 0.00969913052317 -1.03916638287 
0 0.00724191793578 -0.0569088787119 -0.0471321162338 -0.0383608903247 -0.685139841395 
0 -0.0726630999387 -0.118722152717 -0.132170436863 -0.0383608903247 -0.332467129904 
1 0.00724191793578 0.0203577137939 0.0549138685215 0.0897991652697 -0.371672714678 
1 0.0711659322354 0.113077624801 0.139952189151 0.201939213915 -0.262101261506 
1 0.199013960835 0.221250854309 0.259005838032 0.31407926256 -0.50108554503 
0 0.310880985859 0.422143994824 0.412074815165 0.442239318154 0.974278425209 
0 0.454710018033 0.391237357822 0.480105471669 0.426219311205 -0.903772287253 
0 0.454710018033 0.36033072082 0.412074815165 0.31407926256 -1.03187567549 
0 0.262937975134 0.329424083817 0.344044158662 0.31407926256 -1.3461861717 
1 0.326861989434 0.267610809813 0.31002883041 0.201939213915 -1.46551185896 
0 0.18303295726 0.190344217307 0.259005838032 0.249999234763 -1.48005998283 
1 0.326861989434 0.252157491311 0.293021166284 0.249999234763 -1.45583530364 
0 0.230975967984 0.344877402318 0.344044158662 0.410199304256 -1.09287570365 
0 0.454710018033 0.36033072082 0.446090143417 0.378159290357 -0.687181683342 
0 0.406767007308 0.313970765316 0.327036494536 0.266019241712 -0.579463423676 
0 0.310880985859 0.221250854309 0.276013502158 0.233979227813 -1.0993674294 
0 0.230975967984 0.159437580304 0.293021166284 0.201939213915 -1.54849497895 
0 0.21499496441 0.190344217307 0.31002883041 0.217959220864 -1.276597091 
0 0.262937975134 0.221250854309 0.327036494536 0.31407926256 -1.23134365916 
0 0.18303295726 0.128530943302 0.122944525025 0.153879193067 -0.756215915688 
0 0.11910894296 0.0358110322951 -0.0811474444855 -0.102440918122 0.223346661369 
0 -0.0886441035136 -0.0569088787119 -0.0811474444855 -0.0864209111727 -0.861481745624 
0 -0.136587114238 -0.0723621972131 -0.0641397803596 -0.0864209111727 -1.03093243328 
0 -0.0726630999387 -0.134175471218 -0.302247078122 -0.214580966767 2.65311638424 
0 -0.216492132113 -0.288708656229 -0.370277734626 -0.390801043209 0.76461232877 
0 -0.360321164287 -0.412335204239 -0.455316055255 -0.470901077956 -0.209179825393 
0 -0.472188189311 -0.505055115246 -0.506339047633 -0.454881071007 -0.548336430953 
0 -0.536112203611 -0.551415070749 -0.523346711758 -0.567021119652 -0.78554519974 
0 -0.568074210761 -0.535961752248 -0.506339047633 -0.518961098804 -0.966891836133 
0 -0.568074210761 -0.582321707752 -0.676415688891 -0.711201182196 0.343216100012 
1 -0.75984625366 -0.736854892763 -0.812477001898 -0.759261203044 -0.235013564808 
0 -0.839751271534 -0.675041618759 -0.795469337773 -0.663141161348 0.127124859621 
0 -0.66396023221 -0.659588300257 -0.812477001898 -0.83936123779 0.775232126288 
1 -0.791808260809 -0.845028122271 -0.948538314905 -0.951501286435 1.37440176803 
0 -0.935637292984 -0.628681663255 -0.914522986654 -0.59906113355 1.56737802595 
1 -0.600036217911 -0.613228344754 -0.659408024765 -0.679161168297 -0.0607800843287 
0 -0.647979228635 -0.42778852274 -0.608385032388 -0.390801043209 1.02674488567 
1 -0.392283171437 -0.458695159742 -0.455316055255 -0.470901077956 -0.30843109916 
1 -0.504150196461 -0.381428567236 -0.455316055255 -0.342741022362 -0.760310696549 
0 -0.344340160712 -0.257802019227 -0.336262406374 -0.198560959818 -0.282841493021 
0 -0.104625107089 -0.180535426721 -0.234216421618 -0.278660994564 -0.788663447496 
0 -0.296397149987 -0.335068611733 -0.387285398751 -0.310701008463 -0.806740406907 
0 -0.296397149987 -0.319615293232 -0.302247078122 -0.342741022362 -1.4605071268 
0 -0.376302167862 -0.365975248735 -0.3532700705 -0.37478103626 -1.21519757202 
0 -0.408264175012 -0.474148478243 -0.438308391129 -0.470901077956 -0.815118617069 
1 -0.504150196461 -0.42778852274 -0.438308391129 -0.470901077956 -0.821066591436 
0 -0.440226182162 -0.288708656229 -0.370277734626 -0.230600973716 -0.35339600986 
0 -0.248454139263 -0.257802019227 -0.234216421618 -0.182540952869 -1.21746135331 
0 -0.200511128538 -0.211442063724 -0.132170436863 -0.182540952869 -1.25177317559 
1 -0.184530124963 -0.149628789719 -0.115162772737 -0.118460925071 -0.998495998441 
0 -0.104625107089 -0.0414555602108 -0.013116787982 0.0257191374725 -0.78443550303 
0 0.0392039250856 -0.0260022417096 0.0719215326474 -0.00632087642613 -1.15496323459 
1 -0.00873908563912 -0.0260022417096 0.0208985402698 0.00969913052317 -1.10133159258 
0 0.0392039250856 0.0512643507962 0.122944525025 0.105819172219 -0.792380931476 
0 0.167051953685 0.205797535808 0.241998173906 0.137859186118 -0.767357270659 
1 0.18303295726 0.113077624801 0.207982845654 0.105819172219 -1.30270825459 
0 0.135089946535 0.267610809813 0.241998173906 0.330099269509 -0.407748954729 
0 0.358823996584 0.329424083817 0.378059486913 0.282039248661 -0.802412589737 
0 0.358823996584 0.313970765316 0.344044158662 0.282039248661 -1.25053031528 
0 0.278918978709 0.205797535808 0.241998173906 0.137859186118 -1.0000606708 
0 0.167051953685 0.190344217307 0.259005838032 0.201939213915 -1.47727464409 
0 0.199013960835 0.113077624801 0.22499050978 0.121839179168 -1.65735622623 
0 0.11910894296 0.128530943302 0.207982845654 0.105819172219 -1.523515706 
0 0.15107095011 0.0821709877986 0.105936860899 0.0737791583204 -1.70169970677 
0 0.135089946535 0.159437580304 0.139952189151 0.137859186118 -0.861814654637 
1 0.15107095011 0.174890898806 0.241998173906 0.137859186118 -1.13422300307 
0 0.135089946535 0.23670417281 0.22499050978 0.266019241712 -0.754495885787 
0 0.310880985859 0.313970765316 0.327036494536 0.298059255611 -1.31291746433 
0 0.278918978709 0.190344217307 0.276013502158 0.169899200016 -1.60804130443 
0 0.18303295726 0.205797535808 0.22499050978 0.282039248661 -1.44014419216 
0 0.262937975134 0.252157491311 0.31002883041 0.298059255611 -1.58925413912 
1 0.21499496441 0.252157491311 0.259005838032 0.217959220864 -1.25077444855 
0 0.0871469358103 0.159437580304 0.173967517403 0.249999234763 -1.22843625378 
1 0.21499496441 0.190344217307 0.173967517403 0.121839179168 -1.32684415804 
0 0.15107095011 0.221250854309 0.22499050978 0.201939213915 -1.12169452722 
0 0.262937975134 0.205797535808 0.241998173906 0.153879193067 -1.60206003916 
1 0.167051953685 0.205797535808 0.241998173906 0.233979227813 -1.06997156355 
0 0.21499496441 0.329424083817 0.327036494536 0.426219311205 -0.642871493701 
0 0.374805000159 0.344877402318 0.429082479291 0.394179297307 -1.44871105076 
0 0.390786003733 0.298517446815 0.259005838032 0.201939213915 -0.853636189883 
0 0.21499496441 0.159437580304 0.139952189151 0.169899200016 -1.18429251864 
0 0.167051953685 0.143984261803 0.207982845654 0.153879193067 -1.80703211851 
0 0.246956971559 0.221250854309 0.327036494536 0.282039248661 -1.59955212459 
0 0.310880985859 0.298517446815 0.344044158662 0.282039248661 -1.64147646631 
0 0.326861989434 0.313970765316 0.361051822787 0.394179297307 -1.66585650303 
0 0.358823996584 0.283064128314 0.0719215326474 0.00969913052317 2.97637103594 
0 0.103127939385 0.0667176692974 0.173967517403 0.137859186118 0.0295936157557 
0 0.135089946535 0.0512643507962 0.0889291967733 0.0417391444218 -0.551132866663 
0 0.0232229215107 0.0203577137939 0.0889291967733 0.0577591513711 -1.25606770186 
0 0.0551849286605 0.0203577137939 0.0549138685215 0.00969913052317 -0.870570161681 
0 0.0232229215107 0.113077624801 0.105936860899 0.121839179168 -0.846656197575 
0 0.11910894296 0.0512643507962 0.156959853277 0.0577591513711 -1.57695869957 
0 0.0711659322354 0.0976243062997 0.156959853277 0.137859186118 -1.45425953432 
0 0.167051953685 0.0976243062997 0.156959853277 0.0737791583204 -1.39686602046 
0 0.103127939385 0.0667176692974 0.105936860899 0.0257191374725 -1.48009327373 
0 0.00724191793578 0.0203577137939 0.0889291967733 0.0737791583204 -1.44909944461 
1 0.0711659322354 0.0512643507962 0.105936860899 0.0577591513711 -1.53270399477 
1 0.0551849286605 0.174890898806 0.139952189151 0.201939213915 -1.15844768226 
0 0.21499496441 0.252157491311 0.293021166284 0.330099269509 -0.637034489005 
0 0.326861989434 0.313970765316 0.412074815165 0.378159290357 -1.02346417442 
0 0.406767007308 0.313970765316 0.293021166284 0.233979227813 -0.563894378831 
0 0.21499496441 0.143984261803 0.241998173906 0.153879193067 -1.32081850491 
0 0.199013960835 0.159437580304 0.259005838032 0.233979227813 -1.3231821589 
0 0.199013960835 0.159437580304 0.276013502158 0.169899200016 -1.80593351877 
0 0.21499496441 0.143984261803 0.207982845654 0.153879193067 -1.21154666985 
0 0.103127939385 0.0203577137939 0.0889291967733 -0.00632087642613 -1.09987788989 
0 -0.00873908563912 -0.0260022417096 0.0208985402698 -0.0543808972741 -0.788263956681 
0 -0.024720089214 -0.0878155157143 -0.115162772737 -0.134480932021 -0.741645597882 
0 -0.136587114238 -0.180535426721 -0.0811474444855 -0.134480932021 -1.53543384867 
0 -0.0886441035136 -0.149628789719 -0.0471321162338 -0.0864209111727 -1.56643877476 
1 -0.136587114238 -0.0260022417096 -0.0641397803596 0.0257191374725 -1.16308621451 
0 -0.0566820963638 -0.0260022417096 0.0208985402698 0.0417391444218 -1.50836834591 
0 0.0551849286605 -0.0260022417096 0.0549138685215 0.0417391444218 -1.53031814684 
0 -0.0407010927889 -0.0414555602108 -0.0301244521079 -0.0704009042234 -1.49609510029 
0 -0.0566820963638 -0.134175471218 -0.0981551086114 -0.118460925071 -1.4480230388 
0 -0.168549121388 -0.134175471218 -0.0981551086114 -0.0704009042234 -1.39833082012 
0 -0.0886441035136 -0.0569088787119 -0.0301244521079 -0.0223408833754 -1.34477685688 
0 -0.024720089214 -0.0414555602108 0.0208985402698 0.0417391444218 -1.53427976409 
1 0.0392039250856 -0.0105489232084 0.0719215326474 0.0257191374725 -1.35318835794 
1 -0.0566820963638 0.159437580304 0.0379062043956 0.249999234763 0.305175696784 
0 0.262937975134 0.329424083817 0.327036494536 0.394179297307 1.14504965195 
0 0.406767007308 0.375784039321 0.446090143417 0.474279332053 0.427808280236 
0 0.422748010883 0.391237357822 0.412074815165 0.346119276459 -0.832452079684 
1 0.342842993009 0.313970765316 0.395067151039 0.298059255611 -1.02745908258 
0 0.310880985859 0.375784039321 0.395067151039 0.458259325104 -0.42888867706 
0 0.470691021608 0.453050631827 0.497113135794 0.410199304256 -0.563761215226 
0 0.438729014458 0.468503950328 0.51412079992 0.426219311205 -0.555238744491 
0 0.486672025183 0.468503950328 0.531128464046 0.426219311205 -0.851738608508 
0 0.470691021608 0.468503950328 0.582151456424 0.5543793668 -0.946429028795 
0 0.550596039482 0.545770542834 0.650182112927 0.586419380698 -0.979398118058 
0 0.582558046632 0.49941058733 0.531128464046 0.458259325104 -0.242026848017 
0 0.582558046632 0.483957268829 0.565143792298 0.53835935985 -1.34638591711 
0 0.550596039482 0.530317224332 0.650182112927 0.570399373749 -0.956061196241 
0 0.518634032333 0.468503950328 0.565143792298 0.522339352901 -1.22814773263 
0 0.566577043057 0.545770542834 0.616166784676 0.650499408495 -1.21536402653 
0 0.614520053782 0.592130498337 0.684197441179 0.634479401546 -0.71970689392 
0 0.598539050207 0.561223861335 0.701205105305 0.602439387648 -1.35228950361 
0 0.582558046632 0.483957268829 0.51412079992 0.410199304256 0.0614973961759 
0 0.454710018033 0.406690676323 0.531128464046 0.474279332053 -1.04584675707 
0 0.438729014458 0.375784039321 0.51412079992 0.410199304256 -1.44987623231 
0 0.374805000159 0.391237357822 0.497113135794 0.458259325104 -1.48004888586 
0 0.454710018033 0.375784039321 0.395067151039 0.330099269509 -0.636168925571 
0 0.262937975134 0.23670417281 0.361051822787 0.298059255611 -1.09266486127 
1 0.246956971559 0.23670417281 0.293021166284 0.201939213915 -0.585200555668 
1 0.15107095011 0.298517446815 0.22499050978 0.394179297307 -0.317608290954 
0 0.390786003733 0.514863905831 0.480105471669 0.602439387648 -0.370696181573 
0 0.662463064507 0.576677179836 0.701205105305 0.602439387648 -1.0433721334 
0 0.598539050207 0.49941058733 0.650182112927 0.53835935985 -1.29660492269 
0 0.598539050207 0.592130498337 0.701205105305 0.666519415445 -1.07719568913 
0 0.662463064507 0.576677179836 0.616166784676 0.5543793668 -1.21909260748 
0 0.614520053782 0.545770542834 0.667189777053 0.53835935985 -1.28304442889 
0 0.534615035908 0.530317224332 0.531128464046 0.570399373749 -0.346848799269 
0 0.614520053782 0.623037135339 0.718212769431 0.650499408495 -0.944487059552 
0 0.630501057357 0.638490453841 0.769235761809 0.746619450191 -0.925733185149 
0 0.742368082381 0.638490453841 0.786243425934 0.666519415445 -1.18440348831 
1 0.662463064507 0.607583816838 0.667189777053 0.618459394597 -0.810014012202 
1 0.630501057357 0.623037135339 0.701205105305 0.714579436293 -0.956882371806 
0 0.758349085956 0.823930275855 0.88828941069 0.906819519684 1.22119704021 
0 0.90217811813 0.808476957353 0.990335395445 0.906819519684 -0.775946323197 
0 0.93414012528 0.885743549859 1.0243507237 0.954879540532 -0.221497458877 
0 0.886197114555 0.823930275855 0.854274082438 0.842739491887 -0.87214593101 
0 0.806292096681 0.746663683349 0.820258754186 0.730599443242 -0.936275303896 
1 0.758349085956 0.715757046346 0.871281746564 0.77865946409 -1.27728510296 
0 0.758349085956 0.823930275855 0.905297074816 0.922839526634 -0.45274715633 
0 0.96610213243 0.854836912857 1.0243507237 0.970899547482 -0.849874318035 
1 0.918159121705 0.885743549859 1.05836605195 0.906819519684 -1.31758928748 
0 0.870216110981 0.885743549859 0.956320067193 0.986919554431 -1.18139621023 
0 0.99806413958 0.932103505363 1.07537371607 0.986919554431 -1.13755209321 
0 0.950121128855 0.932103505363 1.10938904433 1.05099958223 -1.0653996131 
0 0.99806413958 0.932103505363 1.0923813802 0.938859533583 -1.32780959418 
0 0.93414012528 0.916650186862 1.00734305957 0.954879540532 -1.24015465104 
0 1.0460071503 1.05573005337 1.17741970083 1.16313963087 -0.397650714665 
1 1.15787417533 1.07118337187 1.27946568558 1.19517964477 -1.38559150188 
0 1.12591216818 1.16390328288 1.27946568558 1.29129968647 -0.474153205871 
0 1.28572220393 1.24116987539 1.36450400621 1.19517964477 -0.801591414171 
0 1.28572220393 1.27207651239 1.38151167034 1.32333970037 -0.448752248173 
0 1.3656272218 1.25662319389 1.38151167034 1.37139972121 -1.05515711247 
0 1.3656272218 1.25662319389 1.41552699859 1.27527967952 -1.06557716458 
0 1.25376019678 1.17935660138 1.38151167034 1.29129968647 -0.812100242017 
0 1.25376019678 1.17935660138 1.38151167034 1.30731969342 -1.52100779144 
0 1.33366521465 1.22571655688 1.27946568558 1.19517964477 -0.474774636029 
0 1.15787417533 1.08663669037 1.21143502908 1.06701958918 -1.13047222819 
0 1.07796915745 1.02482341637 1.19442736496 1.08303959613 -1.26830765658 
1 1.03002614673 0.916650186862 1.05836605195 0.970899547482 -0.782116236906 
0 0.93414012528 0.947556823864 1.05836605195 1.00293956138 -1.39622239637 
1 1.06198815388 0.963010142365 1.0243507237 0.954879540532 -1.36120036819 
0 0.982083136005 1.04027673487 1.10938904433 1.08303959613 -1.07154733288 
0 1.22179818963 1.10209000888 1.21143502908 1.13109961697 -0.872168124944 
0 1.12591216818 1.04027673487 1.22844269321 1.06701958918 -1.38228460569 
0 1.01404514315 1.00937009787 1.12639670845 1.01895956833 -1.75753964523 
0 0.96610213243 1.00937009787 1.10938904433 1.01895956833 -1.50607127372 
1 1.06198815388 0.993916779367 1.10938904433 1.11507961003 -1.73001916682 
0 1.06198815388 1.08663669037 1.17741970083 1.16313963087 -1.32491328577 
0 1.22179818963 1.11754332738 1.33048867796 1.21119965172 -1.04034266139 
0 1.22179818963 1.11754332738 1.33048867796 1.19517964477 -1.44494917892 
0 1.22179818963 1.10209000888 0.905297074816 0.970899547482 -0.161118860871 
0 0.96610213243 0.932103505363 1.07537371607 0.970899547482 -1.25687778046 
0 0.96610213243 0.90119686836 0.956320067193 0.874779505786 -1.02093406592 
0 0.886197114555 0.870290231358 1.0243507237 0.938859533583 -1.35060276461 
1 0.982083136005 0.885743549859 1.07537371607 0.986919554431 -1.49162302255 
0 0.918159121705 0.947556823864 1.05836605195 1.01895956833 -1.39494624515 
0 1.12591216818 1.07118337187 0.905297074816 1.06701958918 -0.977445051847 
0 1.09395016103 0.993916779367 0.752228097683 0.618459394597 -0.0113098049849 
0 0.662463064507 0.638490453841 0.667189777053 0.682539422394 -0.571662255803 
0 0.646482060932 0.669397090843 0.786243425934 0.682539422394 -1.53436853983 
0 0.614520053782 0.638490453841 0.752228097683 0.682539422394 -1.42390932929 
0 0.694425071657 0.653943772342 0.769235761809 0.762639457141 -1.43384111485 
0 0.710406075232 0.623037135339 0.59915912055 0.506319345952 -0.489577990144 
0 0.518634032333 0.49941058733 0.565143792298 0.474279332053 -1.43647109605 
0 0.518634032333 0.576677179836 0.633174448802 0.522339352901 -1.3749606074 
1 0.534615035908 0.530317224332 0.480105471669 0.362139283408 -0.354272670261 
0 0.406767007308 0.483957268829 0.51412079992 0.5543793668 -1.10807854858 
0 0.550596039482 0.483957268829 0.582151456424 0.506319345952 -1.56855829547 
0 0.470691021608 0.437597313325 0.565143792298 0.474279332053 -1.75822765719 
0 0.518634032333 0.483957268829 0.565143792298 0.5543793668 -1.51723482262 
0 0.534615035908 0.453050631827 0.531128464046 0.490299339002 -0.700031971247 
0 0.502653028758 0.468503950328 0.59915912055 0.570399373749 -1.28534150108 
0 0.582558046632 0.483957268829 0.51412079992 0.442239318154 -0.465564153334 
0 0.406767007308 0.344877402318 0.31002883041 0.362139283408 -0.0208531966932 
0 0.21499496441 0.23670417281 0.276013502158 0.185919206966 -0.691764730755 
0 0.103127939385 0.23670417281 0.190975181529 0.0897991652697 -0.0904755682956 
0 0.135089946535 0.0976243062997 0.139952189151 0.153879193067 -0.0868912479214 
1 0.103127939385 0.0358110322951 -0.0301244521079 -0.102440918122 0.276101642975 
0 -0.168549121388 -0.0569088787119 -0.0981551086114 -0.0543808972741 0.382954339207 
0 -0.024720089214 0.00490439529274 0.00389087614389 -0.0223408833754 -0.0248702987844 
0 0.00724191793578 -0.0414555602108 0.00389087614389 -0.0383608903247 -0.954396651175 
0 0.0392039250856 -0.0414555602108 0.00389087614389 -0.0223408833754 -0.842849937859 
1 -0.00873908563912 -0.0569088787119 0.0379062043956 -0.0543808972741 -1.15468581041 
0 -0.0726630999387 0.0203577137939 0.0208985402698 0.0897991652697 -0.912627667001 
0 0.0871469358103 0.0203577137939 0.105936860899 0.0257191374725 -1.15559576171 
1 0.0392039250856 -0.0260022417096 0.0549138685215 -0.0223408833754 -1.36586109438 
0 -0.00873908563912 0.0203577137939 0.0719215326474 0.0897991652697 -1.36401899784 
0 0.135089946535 0.159437580304 0.207982845654 0.217959220864 -0.479424265245 
0 0.21499496441 0.128530943302 0.22499050978 0.137859186118 -1.45687841855 
0 0.11910894296 0.0512643507962 0.0889291967733 0.0897991652697 -0.673654480444 
1 0.0232229215107 -0.0414555602108 0.0208985402698 -0.0543808972741 -0.57557948519 
0 -0.0407010927889 0.0512643507962 0.0549138685215 0.137859186118 -0.495736806886 
0 0.15107095011 0.113077624801 0.207982845654 0.185919206966 -1.09381894585 
0 0.199013960835 0.252157491311 0.293021166284 0.330099269509 -0.183268407208 
0 0.278918978709 0.283064128314 0.378059486913 0.330099269509 -1.0389555405 
0 0.294899982284 0.313970765316 0.395067151039 0.378159290357 -1.07684058619 
0 0.326861989434 0.298517446815 0.446090143417 0.394179297307 -1.26432384539 
0 0.358823996584 0.267610809813 0.327036494536 0.266019241712 -1.05948492964 
0 0.21499496441 0.205797535808 0.276013502158 0.233979227813 -1.52565742066 
0 0.294899982284 0.205797535808 0.327036494536 0.249999234763 -1.57159886446 
0 0.278918978709 0.190344217307 0.259005838032 0.233979227813 -1.28640680992 
0 0.230975967984 0.159437580304 0.293021166284 0.233979227813 -1.47758535917 
0 0.199013960835 0.174890898806 0.173967517403 0.105819172219 -1.41222422293 
0 0.103127939385 0.0821709877986 0.173967517403 0.153879193067 -1.54475530104 
0 0.15107095011 0.0667176692974 0.139952189151 0.0737791583204 -1.24305095945 
1 0.0711659322354 0.0203577137939 0.0379062043956 -0.0223408833754 -0.569620413856 
1 -0.104625107089 0.0203577137939 -0.013116787982 0.0577591513711 -1.42023623318 
0 0.0551849286605 0.23670417281 0.156959853277 0.330099269509 -0.275007034246 
0 0.310880985859 0.283064128314 0.361051822787 0.282039248661 -0.646500201944 
0 0.278918978709 0.298517446815 0.344044158662 0.266019241712 -0.845846118976 
1 0.246956971559 0.174890898806 0.259005838032 0.185919206966 -1.49198922247 
0 0.167051953685 0.313970765316 0.276013502158 0.330099269509 -1.16692576513 
0 0.358823996584 0.298517446815 0.327036494536 0.233979227813 -1.34338973599 
1 0.262937975134 0.23670417281 0.378059486913 0.282039248661 -1.4859746663 
0 0.342842993009 0.422143994824 0.429082479291 0.506319345952 0.0757126110345 
0 0.486672025183 0.453050631827 0.548136128172 0.5543793668 -1.12784224699 
0 0.470691021608 0.49941058733 0.59915912055 0.53835935985 -1.11243965665 
0 0.518634032333 0.453050631827 0.446090143417 0.458259325104 -0.787842271931 
0 0.390786003733 0.344877402318 0.480105471669 0.394179297307 -0.925877445721 
0 0.422748010883 0.36033072082 0.429082479291 0.394179297307 -0.985712292339 
0 0.406767007308 0.313970765316 0.429082479291 0.362139283408 -0.711361974659 
0 0.358823996584 0.344877402318 0.429082479291 0.394179297307 -0.73548678114 
1 0.358823996584 0.36033072082 0.412074815165 0.31407926256 -1.37501609224 
0 0.278918978709 0.283064128314 0.378059486913 0.378159290357 -1.45226208024 
0 0.390786003733 0.313970765316 0.276013502158 0.266019241712 -0.561120137055 
0 0.278918978709 0.190344217307 0.241998173906 0.233979227813 -0.769254852034 
0 0.15107095011 0.159437580304 0.259005838032 0.201939213915 -0.944997520039 
0 0.167051953685 0.113077624801 0.241998173906 0.169899200016 -1.29450759591 
0 0.18303295726 0.113077624801 0.156959853277 0.0897991652697 -0.529726817122 
0 0.0871469358103 0.0667176692974 0.190975181529 0.137859186118 -1.5242924937 
0 0.15107095011 0.0976243062997 0.207982845654 0.169899200016 -1.5387629388 
0 0.15107095011 0.113077624801 0.241998173906 0.169899200016 -1.47121570005 
1 0.167051953685 0.113077624801 0.259005838032 0.185919206966 -1.61424450904 
0 0.199013960835 0.23670417281 0.241998173906 0.31407926256 -0.862014400045 
0 0.358823996584 0.344877402318 0.378059486913 0.410199304256 -0.380872100406 
0 0.406767007308 0.391237357822 0.446090143417 0.378159290357 -0.439641638182 
0 0.342842993009 0.36033072082 0.429082479291 0.378159290357 -1.07193572673 
0 0.422748010883 0.453050631827 0.548136128172 0.474279332053 -0.786022369326 
0 0.470691021608 0.391237357822 0.480105471669 0.362139283408 -1.40357968556 
0 0.374805000159 0.391237357822 0.480105471669 0.426219311205 -0.649862582976 
1 0.390786003733 0.313970765316 0.412074815165 0.346119276459 -1.31275100982 
1 0.310880985859 0.406690676323 0.412074815165 0.442239318154 -0.858219237296 
0 0.438729014458 0.561223861335 0.531128464046 0.650499408495 0.0513769621783 
0 0.598539050207 0.530317224332 0.650182112927 0.586419380698 -1.03135411803 
0 0.582558046632 0.607583816838 0.616166784676 0.698559429343 -1.1027076165 
0 0.694425071657 0.623037135339 0.786243425934 0.650499408495 -1.40203720713 
0 0.694425071657 0.638490453841 0.752228097683 0.650499408495 -1.15405328329 
0 0.678444068082 0.684850409344 0.786243425934 0.730599443242 -1.2723802435 
0 0.678444068082 0.623037135339 0.701205105305 0.682539422394 -1.14122518932 
0 0.678444068082 0.623037135339 0.718212769431 0.650499408495 -1.47031684571 
1 0.694425071657 0.592130498337 0.752228097683 0.682539422394 -1.55075876024 
0 0.646482060932 0.684850409344 0.752228097683 0.762639457141 -1.07934850075 
0 0.774330089531 0.684850409344 0.820258754186 0.698559429343 -1.47584313533 
0 0.694425071657 0.607583816838 0.718212769431 0.650499408495 -1.04413782413 
0 0.646482060932 0.592130498337 0.735220433557 0.602439387648 -1.53408001869 
0 0.646482060932 0.700303727845 0.752228097683 0.698559429343 -0.647177116937 
0 0.662463064507 0.653943772342 0.769235761809 0.746619450191 -1.28860400941 
0 0.742368082381 0.746663683349 0.854274082438 0.842739491887 -0.767667985738 
0 0.806292096681 0.731210364848 0.854274082438 0.746619450191 -1.01807104841 
0 0.790311093106 0.700303727845 0.786243425934 0.650499408495 -1.52890883202 
1 0.662463064507 0.623037135339 0.650182112927 0.730599443242 -1.16208748747 
1 0.662463064507 0.715757046346 0.80325109006 0.762639457141 -1.19038475358 
0 0.822273100256 0.854836912857 0.939312403067 0.970899547482 -0.735309229666 
0 0.982083136005 0.870290231358 1.00734305957 0.954879540532 -1.29681576506 
0 0.96610213243 0.854836912857 0.990335395445 0.890799512735 -1.3392727612 
0 0.838254103831 0.793023638852 0.905297074816 0.906819519684 -1.32423637077 
0 0.886197114555 0.777570320351 0.939312403067 0.858759498836 -1.62566328818 
0 0.806292096681 0.731210364848 0.854274082438 0.77865946409 -1.57277514297 
0 0.774330089531 0.746663683349 0.922304738941 0.826719484938 -1.54393412547 
0 0.838254103831 0.76211700185 0.854274082438 0.714579436293 -1.58054301995 
0 0.758349085956 0.793023638852 0.88828941069 0.842739491887 -1.36922347541 
0 0.838254103831 0.777570320351 0.939312403067 0.842739491887 -1.62575206392 
1 0.806292096681 0.715757046346 0.837266418312 0.714579436293 -1.2834106288 
0 0.726387078806 0.823930275855 0.854274082438 0.906819519684 -1.33563295599 
0 0.870216110981 0.839383594356 0.990335395445 0.890799512735 -1.45698938822 
1 0.93414012528 0.947556823864 1.05836605195 1.01895956833 -0.429876307132 
0 1.03002614673 1.10209000888 1.17741970083 1.21119965172 0.0952765640366 
0 1.22179818963 1.14844996438 1.29647334971 1.25925967257 -0.895516143728 
0 1.20581718605 1.08663669037 1.24545035733 1.17915963782 -1.32858638188 
0 1.1738551789 1.07118337187 1.21143502908 1.13109961697 -1.19949536357 
0 1.06198815388 1.07118337187 1.1604120367 1.14711962392 -1.27858344811 
0 1.14189317175 1.19480991988 1.29647334971 1.24323966562 -1.40574359414 
0 1.20581718605 1.14844996438 1.17741970083 1.03497957528 -1.12121735763 
1 1.03002614673 0.932103505363 1.10938904433 0.954879540532 -1.27380065529 
0 0.886197114555 0.947556823864 1.04135838782 1.03497957528 -1.14193539521 
0 1.03002614673 0.932103505363 1.0923813802 0.986919554431 -1.57148789479 
0 0.950121128855 0.885743549859 1.07537371607 0.938859533583 -1.6803380451 
1 0.93414012528 0.885743549859 1.0243507237 0.874779505786 -1.66188378881 
1 0.90217811813 0.947556823864 1.05836605195 1.06701958918 -1.51788954368 
0 1.06198815388 1.13299664588 1.22844269321 1.19517964477 -1.18875349942 
0 1.22179818963 1.10209000888 1.27946568558 1.14711962392 -1.38733372572 
0 1.09395016103 1.08663669037 1.21143502908 1.06701958918 -1.54345695589 
0 1.0460071503 1.04027673487 1.19442736496 1.13109961697 -1.56946824678 
0 1.07796915745 0.993916779367 1.1604120367 1.05099958223 -1.36911250574 
0 1.07796915745 0.963010142365 1.04135838782 0.922839526634 -0.883231801145 
0 0.93414012528 0.947556823864 0.990335395445 1.03497957528 -1.10837816669 
0 1.0460071503 0.947556823864 1.07537371607 0.954879540532 -1.1629863418 
0 0.918159121705 0.854836912857 0.956320067193 0.842739491887 -0.74372073073 
0 0.870216110981 0.885743549859 0.990335395445 0.922839526634 -1.05634448795 
0 0.950121128855 0.963010142365 1.05836605195 0.954879540532 -0.669859317695 
0 0.96610213243 0.932103505363 1.0923813802 1.01895956833 -1.23417338577 
0 0.982083136005 0.885743549859 1.07537371607 1.00293956138 -1.34234662109 
0 0.99806413958 0.947556823864 1.07537371607 1.06701958918 -1.19997253316 
0 1.0460071503 0.947556823864 0.990335395445 0.906819519684 -1.0720799873 
1 0.886197114555 0.793023638852 0.871281746564 0.794679471039 -0.761031999411 
0 0.774330089531 0.916650186862 0.905297074816 1.00293956138 -0.923214173617 
0 1.01404514315 0.947556823864 1.07537371607 1.06701958918 -1.2316654712 
1 1.0460071503 0.947556823864 1.12639670845 1.00293956138 -1.76971301814 
1 0.99806413958 1.05573005337 1.05836605195 1.13109961697 -1.00785074171 
0 1.15787417533 1.30298314939 1.26245802146 1.43547974901 1.14063305905 
0 1.44553223968 1.3647964234 1.51757298335 1.48353976986 -0.800193196316 
1 1.4295512361 1.3957030604 1.56859597572 1.53159979071 -1.26026235543 
0 1.54141826113 1.89020925244 1.72166495286 1.98015998529 1.96332890914 
0 2.3244874363 2.19927562246 2.12984889188 2.18842007563 2.61620787166 
0 2.22860141485 2.30744885197 2.26591020489 2.34862014512 0.369060936394 
0 2.34046843987 2.18382230396 2.36795618964 2.30056012427 -1.10639180958 
0 2.29252542915 2.21472894096 2.31693319726 2.10832004088 -1.15455264681 
0 2.11673438982 2.04474243745 2.28291786901 2.14036005478 -1.18677823927 
0 2.1327153934 2.13746234845 2.21488721251 2.30056012427 -0.995433235521 
0 2.1966394077 2.12200902995 2.23189487663 2.04424001309 -1.22415282447 
0 2.0048673648 1.99838248194 2.21488721251 2.12434004783 -1.45399320711 
0 2.02084836837 1.98292916344 2.21488721251 2.10832004088 -1.50618224339 
0 2.03682937195 1.96747584494 2.16386422013 2.02822000614 -1.33315833232 
1 1.95692435407 1.89020925244 2.0788258995 1.86801993664 -1.03397300227 
0 1.8770193362 1.96747584494 2.0788258995 2.09230003393 -0.737839338166 
0 2.02084836837 1.96747584494 2.18087188426 2.01219999919 -1.31096439812 
0 1.95692435407 1.90566257094 2.06181823538 2.01219999919 -1.05651094245 
0 2.0048673648 2.07564907445 2.21488721251 2.06026002003 -1.46224935063 
1 2.05281037552 2.01383580044 2.23189487663 2.07628002698 -1.31005444682 
0 2.08477238267 2.06019575595 2.31693319726 2.18842007563 -1.38669010163 
0 2.24458241842 2.13746234845 2.40197151789 2.22046008953 -1.34526512343 
0 2.11673438982 2.06019575595 2.0788258995 2.15638006173 -0.544430298533 
0 2.14869639697 2.24563557796 2.38496385377 2.31658013122 -1.23351866471 
0 2.24458241842 2.15291566695 2.29992553314 2.18842007563 -1.67121633814 
0 2.11673438982 2.04474243745 2.02780290712 1.86801993664 -0.769288142935 
0 1.86103833262 1.76658270443 1.87473392999 1.77189989495 -0.372527181145 
0 1.84505732905 1.85930261543 2.02780290712 1.98015998529 -1.16817972241 
0 1.97290535765 1.82839597843 1.92575692237 1.80393990885 -1.47688625024 
0 1.79711431832 1.70476943042 1.89174159412 1.77189989495 -1.52609020237 
0 1.8130953219 1.79748934143 2.010795243 1.86801993664 -1.57645933605 
0 1.8130953219 1.76658270443 1.99378757887 1.91607995749 -1.35625112087 
0 1.82907632547 1.78203602293 1.95977225062 1.85199992969 -1.22810334476 
0 1.79711431832 1.75112938592 1.80670327349 1.6917998602 -1.38215144208 
0 1.73319030403 1.70476943042 1.84071860174 1.85199992969 -1.66388124289 
0 1.7491713076 1.72022274892 1.89174159412 1.6917998602 -1.58905439371 
0 1.73319030403 1.65840947492 1.80670327349 1.7879199019 -1.39724331734 
0 1.76515231118 1.70476943042 1.90874925824 1.81995991579 -1.56100126088 
0 1.8130953219 1.67386279342 1.51757298335 1.35537971426 -0.380028730906 
0 1.38160822538 1.34934310489 1.31348101384 1.25925967257 -0.694372518025 
0 1.26974120035 1.16390328288 1.22844269321 1.24323966562 -0.89930020951 
1 1.28572220393 1.24116987539 1.33048867796 1.24323966562 -0.796875203152 
0 1.34964621823 1.4729696529 1.46654999097 1.61169982545 -1.23804622729 
0 1.52543725755 1.4420630159 1.51757298335 1.45149975596 -0.735975047693 
0 1.46151324325 1.3802497419 1.17741970083 1.29129968647 0.0167211339165 
0 1.26974120035 1.31843646789 1.27946568558 1.37139972121 -0.70936452058 
0 1.33366521465 1.24116987539 1.21143502908 1.14711962392 -0.555172162688 
0 1.15787417533 1.11754332738 1.12639670845 1.00293956138 -0.509730082403 
0 1.0460071503 0.978463460866 1.0243507237 1.03497957528 -1.08991281343 
0 1.12591216818 1.02482341637 1.07537371607 1.01895956833 -0.84441461022 
0 1.01404514315 0.916650186862 0.88828941069 0.906819519684 -0.621443250226 
0 0.90217811813 0.916650186862 0.973327731319 0.890799512735 -0.82836839579 
0 0.822273100256 0.715757046346 0.446090143417 0.394179297307 0.778405858879 
0 0.358823996584 0.329424083817 0.207982845654 0.410199304256 0.380291067102 
1 0.454710018033 0.437597313325 0.429082479291 0.410199304256 -0.571850904244 
0 0.374805000159 0.653943772342 0.429082479291 0.698559429343 -0.424627441692 
1 0.662463064507 0.731210364848 0.667189777053 0.618459394597 -1.06992717568 
0 0.694425071657 0.947556823864 0.837266418312 0.826719484938 -0.306600099588 
1 0.822273100256 0.746663683349 0.80325109006 0.698559429343 -0.94518616848 
1 0.694425071657 0.823930275855 0.786243425934 0.810699477988 -1.2520395028 
0 0.870216110981 0.854836912857 0.973327731319 0.826719484938 -1.3562733148 
0 0.99806413958 0.885743549859 0.973327731319 0.906819519684 -1.61302384265 
1 0.854235107406 0.793023638852 0.837266418312 0.714579436293 -1.48290080641 
0 0.710406075232 0.808476957353 0.769235761809 0.858759498836 -0.94545249569 
0 0.886197114555 0.777570320351 0.854274082438 0.890799512735 -1.21314463311 
0 0.854235107406 0.76211700185 0.837266418312 0.730599443242 -1.26635459037 
1 0.742368082381 0.638490453841 0.633174448802 0.586419380698 -0.203475984302 
0 0.710406075232 1.00937009787 0.701205105305 1.03497957528 0.704744191251 
0 0.982083136005 0.978463460866 1.0243507237 1.01895956833 -0.513480857283 
0 1.01404514315 0.932103505363 0.956320067193 0.874779505786 -1.28582976763 
0 0.870216110981 0.76211700185 0.786243425934 0.698559429343 1.05235668574 
0 0.582558046632 0.561223861335 0.633174448802 0.634479401546 -0.205073947565 
0 0.582558046632 0.638490453841 0.616166784676 0.730599443242 -0.651937715824 
0 0.662463064507 0.607583816838 0.684197441179 0.650499408495 -1.42382055355 
1 0.646482060932 0.592130498337 0.735220433557 0.650499408495 -1.41183582908 
0 0.662463064507 0.839383594356 0.786243425934 0.858759498836 -0.244224047504 
0 0.886197114555 0.793023638852 0.939312403067 0.906819519684 -1.36513979151 
0 0.90217811813 0.808476957353 0.80325109006 0.698559429343 -0.661658659006 
0 0.630501057357 0.576677179836 0.667189777053 0.5543793668 -1.1161349467 
0 0.566577043057 0.49941058733 0.59915912055 0.570399373749 -1.2095381188 
1 0.502653028758 0.576677179836 0.59915912055 0.506319345952 -0.968900387178 
0 0.438729014458 0.545770542834 0.548136128172 0.586419380698 -0.57787655738 
0 0.566577043057 0.483957268829 0.582151456424 0.570399373749 -1.17258521835 
0 0.502653028758 0.468503950328 0.582151456424 0.490299339002 -1.38722275605 
1 0.502653028758 0.406690676323 0.361051822787 0.249999234763 -0.497068442939 
0 0.294899982284 0.344877402318 0.327036494536 0.426219311205 -0.88834750298 
0 0.470691021608 0.49941058733 0.497113135794 0.602439387648 -0.967391199652 
0 0.550596039482 0.514863905831 0.582151456424 0.5543793668 -1.18546879715 
0 0.550596039482 0.545770542834 0.59915912055 0.586419380698 -1.14807201802 
0 0.582558046632 0.545770542834 0.667189777053 0.5543793668 -1.688805031 
0 0.550596039482 0.530317224332 0.633174448802 0.602439387648 -1.59714408273 
0 0.582558046632 0.669397090843 0.684197441179 0.682539422394 -1.25888633151 
0 0.598539050207 0.592130498337 0.633174448802 0.618459394597 -1.29728183768 
0 0.710406075232 0.746663683349 0.769235761809 0.730599443242 -0.745085657684 
0 0.710406075232 0.684850409344 0.820258754186 0.730599443242 -1.62074733176 
1 0.694425071657 0.653943772342 0.718212769431 0.586419380698 -1.46861900975 
1 0.614520053782 0.793023638852 0.735220433557 0.874779505786 -0.734776575246 
0 0.96610213243 1.04027673487 1.10938904433 1.14711962392 -0.0427808036882 
0 1.14189317175 1.08663669037 1.24545035733 1.14711962392 -1.35060276461 
0 1.09395016103 1.04027673487 1.21143502908 1.11507961003 -1.46453532585 
0 1.15787417533 1.07118337187 0.956320067193 0.842739491887 -0.438487553603 
1 0.838254103831 0.839383594356 0.88828941069 0.746619450191 -1.31027638616 
0 0.774330089531 0.839383594356 0.922304738941 0.922839526634 -1.55226794777 
0 0.90217811813 0.808476957353 0.871281746564 0.794679471039 -1.41251274408 
0 0.982083136005 0.90119686836 0.956320067193 0.858759498836 -1.39418055442 
0 0.870216110981 0.808476957353 0.786243425934 0.714579436293 -0.907733904508 
0 0.662463064507 0.576677179836 0.207982845654 0.153879193067 6.44392912226 
0 0.18303295726 0.174890898806 0.122944525025 0.169899200016 1.00986639871 
0 0.246956971559 0.174890898806 0.00389087614389 0.0577591513711 2.14926968991 
0 0.00724191793578 -0.0414555602108 -0.0641397803596 -0.118460925071 1.65374572091 
0 -0.0886441035136 -0.103268834215 -0.0981551086114 -0.134480932021 0.27206234695 
0 -0.168549121388 -0.134175471218 -0.0981551086114 -0.0864209111727 -0.184466879655 
0 -0.0886441035136 -0.0105489232084 -0.0301244521079 -0.0704009042234 -0.505191422858 
1 -0.0407010927889 -0.0878155157143 -0.0471321162338 -0.0864209111727 -0.707300484699 
0 -0.0886441035136 -0.0569088787119 -0.0301244521079 0.0257191374725 -0.893818307761 
0 0.0711659322354 -0.0105489232084 -0.183193429241 -0.214580966767 1.32381069501 
0 -0.168549121388 -0.211442063724 -0.200201093367 -0.198560959818 0.106895088593 
0 -0.184530124963 -0.242348700726 -0.217208757493 -0.278660994564 -0.89811283403 
0 -0.280416146412 -0.335068611733 -0.489331383507 -0.422841057108 2.26768542586 
0 -0.440226182162 -0.489601796745 -0.659408024765 -0.695181175246 1.79232464609 
0 -0.69592223936 -0.613228344754 -0.710431017143 -0.679161168297 0.987805628107 
0 -0.647979228635 -0.613228344754 -0.608385032388 -0.567021119652 -0.43704494788 
0 -0.584055214336 -0.613228344754 -0.608385032388 -0.59906113355 -0.987731940352 
0 -0.568074210761 -0.520508433747 -0.540354375884 -0.567021119652 -0.139280029613 
1 -0.552093207186 -0.582321707752 -0.55736204001 -0.59906113355 -1.39482417851 
0 -0.616017221485 -0.458695159742 -0.55736204001 -0.422841057108 -0.325831143577 
0 -0.344340160712 -0.396881885738 -0.3532700705 -0.406821050159 -0.839165744781 
0 -0.376302167862 -0.412335204239 -0.3532700705 -0.406821050159 -1.01050291685 
1 -0.376302167862 -0.412335204239 -0.3532700705 -0.358761029311 -0.925466857938 
0 -0.360321164287 -0.288708656229 -0.336262406374 -0.246620980666 -0.690233349295 
0 -0.232473135688 -0.304161974731 -0.489331383507 -0.518961098804 3.22923762531 
1 -0.520131200036 -0.56686838925 -0.540354375884 -0.518961098804 -0.691775827723 
0 -0.504150196461 -0.381428567236 -0.489331383507 -0.390801043209 0.341984336664 
0 -0.360321164287 -0.381428567236 -0.387285398751 -0.422841057108 -0.783081673044 
1 -0.408264175012 -0.350521930234 -0.3532700705 -0.37478103626 -1.03822314067 
0 -0.344340160712 -0.211442063724 -0.285239413996 -0.134480932021 0.817899964797 
0 -0.168549121388 -0.195988745222 -0.183193429241 -0.230600973716 -0.480001307535 
1 -0.168549121388 -0.242348700726 -0.217208757493 -0.262640987615 -0.483041876521 
0 -0.328359157137 -0.149628789719 -0.251224085744 -0.134480932021 0.486477945308 
0 -0.0886441035136 -0.149628789719 -0.0981551086114 -0.182540952869 -0.368876278968 
0 -0.136587114238 -0.195988745222 -0.234216421618 -0.246620980666 -0.409335821025 
0 -0.248454139263 -0.288708656229 -0.251224085744 -0.246620980666 -1.26585522685 
0 -0.200511128538 -0.195988745222 -0.166185765115 -0.182540952869 -0.784124787951 
0 -0.168549121388 -0.16508210822 -0.200201093367 -0.230600973716 -0.666641197235 
0 -0.184530124963 -0.242348700726 -0.217208757493 -0.262640987615 -0.963407388463 
0 -0.264435142838 -0.288708656229 -0.285239413996 -0.310701008463 -0.446599436555 
0 -0.280416146412 -0.350521930234 -0.370277734626 -0.422841057108 -0.354960682221 
0 -0.424245178587 -0.458695159742 -0.387285398751 -0.438861064057 -1.17291812736 
0 -0.456207185736 -0.42778852274 -0.404293062877 -0.454881071007 -1.13736344476 
0 -0.488169192886 -0.505055115246 -0.472323719381 -0.502941091855 -0.747637960118 
0 -0.504150196461 -0.520508433747 -0.438308391129 -0.502941091855 -1.25465838704 
0 -0.472188189311 -0.458695159742 -0.438308391129 -0.390801043209 -1.33869571891 
0 -0.392283171437 -0.443241841241 -0.455316055255 -0.486921084905 -0.992437054403 
0 -0.488169192886 -0.551415070749 -0.55736204001 -0.567021119652 -0.724522977643 
1 -0.552093207186 -0.597775026253 -0.625392696514 -0.663141161348 -0.475928720608 
0 -0.647979228635 -0.582321707752 -0.608385032388 -0.534981105753 -1.23843462114 
0 -0.520131200036 -0.582321707752 -0.591377368262 -0.631101147449 -1.14723974549 
1 -0.600036217911 -0.644134981756 -0.625392696514 -0.663141161348 -0.999450337612 
0 -0.66396023221 -0.597775026253 -0.625392696514 -0.534981105753 -0.930227456825 
1 -0.536112203611 -0.582321707752 -0.540354375884 -0.551001112703 -1.16695905603 
0 -0.552093207186 -0.458695159742 -0.489331383507 -0.390801043209 -0.577332805992 
1 -0.328359157137 -0.381428567236 -0.336262406374 -0.342741022362 -0.801491541467 
0 -0.328359157137 -0.350521930234 -0.302247078122 -0.278660994564 -0.454788998277 
0 -0.232473135688 -0.304161974731 -0.302247078122 -0.358761029311 -0.967080484574 
0 -0.376302167862 -0.42778852274 -0.455316055255 -0.422841057108 -0.139379902317 
1 -0.440226182162 -0.443241841241 -0.387285398751 -0.390801043209 -0.816117344108 
0 -0.472188189311 -0.458695159742 -0.438308391129 -0.406821050159 -1.1288187801 
0 -0.360321164287 -0.42778852274 -0.421300727003 -0.470901077956 -1.2111249851 
1 -0.440226182162 -0.458695159742 -0.489331383507 -0.502941091855 -0.758080206161 
1 -0.472188189311 -0.226895382225 -0.421300727003 -0.214580966767 1.78117219415 
1 -0.216492132113 -0.195988745222 -0.166185765115 -0.198560959818 0.469144482694 
0 -0.104625107089 0.0203577137939 -0.013116787982 0.0577591513711 3.72892295698 
0 0.11910894296 0.0821709877986 0.0208985402698 0.0257191374725 0.469876882522 
0 -0.024720089214 -0.0878155157143 -0.132170436863 -0.134480932021 -0.4511380961 
0 -0.200511128538 -0.16508210822 -0.132170436863 -0.134480932021 -0.973860731473 
0 -0.104625107089 -0.149628789719 -0.0811474444855 -0.102440918122 -1.19901819399 
0 -0.168549121388 -0.118722152717 -0.0811474444855 -0.118460925071 -0.924512518768 
1 -0.136587114238 -0.180535426721 -0.166185765115 -0.214580966767 -1.40868429043 
0 -0.216492132113 -0.134175471218 -0.166185765115 -0.0864209111727 -1.07475435637 
0 -0.024720089214 -0.0878155157143 -0.200201093367 -0.262640987615 -0.391103504075 
1 -0.232473135688 -0.304161974731 -0.336262406374 -0.342741022362 -0.450217047831 
0 -0.328359157137 -0.242348700726 -0.26823174987 -0.214580966767 -0.973882925407 
0 -0.232473135688 -0.242348700726 -0.217208757493 -0.246620980666 -1.34807265611 
0 -0.184530124963 -0.257802019227 -0.251224085744 -0.294681001514 -1.4217121298 
0 -0.312378153562 -0.350521930234 -0.404293062877 -0.438861064057 -0.821233045943 
0 -0.456207185736 -0.474148478243 -0.455316055255 -0.406821050159 -0.913293485027 
0 -0.408264175012 -0.42778852274 -0.387285398751 -0.422841057108 -1.42807069195 
1 -0.424245178587 -0.458695159742 -0.506339047633 -0.567021119652 -0.78459086057 
0 -0.536112203611 -0.458695159742 -0.489331383507 -0.390801043209 -1.00244651873 
0 -0.440226182162 -0.474148478243 -0.438308391129 -0.470901077956 -1.50692574019 
0 -0.520131200036 -0.505055115246 -0.540354375884 -0.438861064057 -0.636579513354 
0 -0.472188189311 -0.458695159742 -0.472323719381 -0.438861064057 -0.86570969009 
0 -0.488169192886 -0.489601796745 -0.421300727003 -0.438861064057 -1.29895747971 
0 -0.440226182162 -0.474148478243 -0.506339047633 -0.551001112703 -0.840120083951 
0 -0.584055214336 -0.644134981756 -1.08459962791 -1.09568134898 4.55404904287 
0 -1.09544732873 -1.09228121829 -1.13562262029 -1.09568134898 0.641680127206 
0 -1.11142833231 -1.10773453679 -1.13562262029 -1.14374136983 -0.424216853909 
0 -1.19133335018 -1.13864117379 -1.16963794854 -1.12772136288 -0.834327467124 
0 -1.14339033946 -1.13864117379 -1.2716839333 -1.22384140457 0.638595170352 
0 -1.19133335018 -1.2004544478 -1.28869159742 -1.27190142542 -0.408592324229 
0 -1.23927636091 -1.2004544478 -1.30569926155 -1.27190142542 -0.602156721401 
0 -1.19133335018 -1.06137458129 -1.20365327679 -1.17578138373 0.849137927192 
0 -1.14339033946 -1.15409449229 -1.28869159742 -1.17578138373 -0.435680020926 
0 -1.23927636091 -1.2313610848 -1.3397145898 -1.35200146017 -0.141954398685 
0 -1.39908639666 -1.37044095131 -1.59482955169 -1.56026155051 1.97772167547 
0 -1.52693442525 -1.52497413632 -1.59482955169 -1.56026155051 0.0401024436019 
0 -1.51095342168 -1.49406749932 -1.59482955169 -1.57628155746 -0.0981213786293 
0 -1.5588964324 -1.55588077333 -1.59482955169 -1.57628155746 -0.213407769859 
0 -1.5588964324 -1.50952081782 -1.66286020819 -1.60832157136 -0.0732974632206 
0 -1.5588964324 -1.57133409183 -1.67986787232 -1.64036158526 -0.130746461911 
0 -1.63880145028 -1.54042745482 -1.64585254407 -1.56026155051 0.102933471337 
0 -1.57487743598 -1.57133409183 -1.61183721581 -1.56026155051 -0.887825945526 
0 -1.54291542883 -1.50952081782 -1.56081422344 -1.51220152966 -0.764205732002 
0 -1.57487743598 -1.60224072883 -1.7308908647 -1.67240159915 0.661632474057 
0 -1.71870646815 -1.71041395834 -1.78191385707 -1.72046162 0.62243798625 
0 -1.71870646815 -1.67950732133 -1.7989215212 -1.72046162 0.512333878657 
0 -1.70272546458 -1.71041395834 -1.83293684945 -1.80056165475 0.755867918693 
0 -1.79861148603 -1.77222723234 -1.92817976856 -1.90308969922 3.00538960492 
1 -1.94883291963 -1.92366975365 -2.06764261439 -2.02804575343 1.28754580652 
0 -2.01595313465 -1.92676041735 -2.11186254112 -1.92231370756 0.903923653778 
0 -1.91047851105 -1.92676041735 -2.04723341744 -1.99280173814 0.151038823728 
0 -2.02554173679 -2.00711767356 -2.06764261439 -2.01843374926 -0.297112192715 
1 -2.0063645325 -2.01020833726 -2.13227173807 -2.08892177984 0.834811742662 
0 -2.08307334966 -1.98857369136 -2.00301349071 -1.97678173119 0.0944886793723 
1 -1.94883291963 -1.96384838176 -2.02682422049 -1.98639373536 -0.834105527782 
0 -1.97120632464 -1.84640316115 -1.99961195788 -1.83580567004 0.59045652706 
0 -1.8145924896 -1.81858718784 -1.96219509681 -1.92231370756 -0.0802663585611 
0 -1.91687091248 -1.93294174475 -2.12887020524 -2.08892177984 0.179091956563 
1 -2.09266195181 -2.05656829276 -2.16288553349 -2.08892177984 -0.200579675889 
0 -2.07348474752 -1.81858718784 -2.11526407394 -1.8165816617 2.74521011423 
1 -1.8145924896 -1.78768055084 -1.91797517008 -1.87425368672 0.653720336513 
0 -1.85933929961 -1.67950732133 -1.90777057161 -1.67240159915 2.05331421537 
0 -1.71870646815 -1.69496063984 -1.83293684945 -1.72046162 1.11522100438 
1 -1.78263048245 -1.61769404733 -1.86355064488 -1.6563815922 1.58109387729 
0 -1.71870646815 -1.57133409183 -1.7308908647 -1.64036158526 0.849581805876 
0 -1.59085843955 -1.61769404733 -1.7989215212 -1.62434157831 0.80659215532 
0 -1.6228204467 -1.54042745482 -1.66286020819 -1.56026155051 0.268999584029 
0 -1.57487743598 -1.57133409183 -1.64585254407 -1.59230156441 -0.500963478392 
0 -1.59085843955 -1.61769404733 -1.7989215212 -1.6884216061 -0.0843278485207 
0 -1.73468747173 -1.67950732133 -1.7989215212 -1.7525016339 -0.0632547079926 
0 -1.7506684753 -1.71041395834 -1.7989215212 -1.73648162695 -0.214939151319 
0 -1.7506684753 -1.75677391384 -1.92817976856 -1.88066168949 1.05262301295 
0 -1.90728231034 -1.88658178925 -2.00301349071 -1.89027369366 0.522953676175 
0 -1.90088990891 -1.88967245295 -1.98940735941 -1.96396572563 -0.478214695831 
0 -1.95202912035 -1.89585378035 -1.97920276093 -1.89347769505 -0.217857653667 
0 -1.90728231034 -1.75677391384 -1.94858896551 -1.87104968533 1.93736200612 
0 -1.86892790176 -1.80313386934 -1.92817976856 -1.82619366587 0.123118854497 
1 -1.8145924896 -1.80313386934 -1.8941644403 -1.87425368672 -1.12233815131 
0 -1.87212410247 -1.69496063984 -1.8941644403 -1.70444161305 1.85555516464 
0 -1.70272546458 -1.64860068433 -1.78191385707 -1.64036158526 0.941608954058 
0 -1.67076345743 -1.67950732133 -1.87375524335 -1.84541767421 2.06911629653 
0 -1.96801012392 -1.93294174475 -2.03702881896 -1.96396572563 0.505087559139 
1 -2.00956073322 -1.97312037286 -2.13907480372 -2.05047376316 -0.284228613909 
1 -2.03832653965 -1.78768055084 -2.13227173807 -1.83900967143 2.54338957353 
0 -1.82418109175 -1.71041395834 -1.8533460464 -1.70444161305 0.683227172039 
0 -1.65478245385 -1.63314736583 -1.81592918533 -1.72046162 0.128079198792 
0 -1.71870646815 -1.67950732133 -1.81592918533 -1.72046162 0.0979620300754 
0 -1.7506684753 -1.63314736583 -1.7989215212 -1.67240159915 0.0571917729401 
1 -1.686744461 -1.69496063984 -1.81592918533 -1.7525016339 -0.626048491573 
1 -1.81778869032 -1.64860068433 -1.83633838228 -1.6563815922 0.377705473767 
0 -1.60683944313 -1.52497413632 -1.64585254407 -1.51220152966 0.996305904908 
1 -1.47899141453 -1.46316086232 -1.61183721581 -1.59230156441 0.216322281193 
0 -1.57487743598 -1.35498763281 -1.61183721581 -1.35200146017 2.92415980573 
0 -1.33516238236 -1.2777210403 -1.37372991805 -1.30394143932 1.70115196437 
0 -1.27123836806 -1.2777210403 -1.3397145898 -1.25588141847 0.677778561192 
0 -1.28721937163 -1.2159077663 -1.28869159742 -1.19180139067 0.222248061626 
0 -1.22329535733 -1.2313610848 -1.3397145898 -1.33598145322 0.0498788716194 
1 -1.36712438951 -1.32408099581 -1.39073758218 -1.33598145322 -0.363005983371 
1 -1.31918137878 -1.1850011293 -1.30569926155 -1.14374136983 0.708106572283 
0 -1.15937134303 -1.04592126279 -1.16963794854 -0.999561307283 1.11357865325 
0 -1.01554231086 -1.03046794429 -1.13562262029 -1.14374136983 0.364677634389 
1 -1.12740933588 -1.12318785529 -1.16963794854 -1.14374136983 -0.443436800931 
1 -1.19133335018 -1.12318785529 -1.20365327679 -1.12772136288 -0.4969463763 
0 -1.06348532158 -0.968654670281 -1.05058429966 -0.967521293385 0.159683361101 
1 -0.967599300133 -0.968654670281 -1.11861495616 -1.14374136983 -0.0173243611546 
156773.421053 159341.315789 153885.614035 156697.280702 188595.179825 
31287.146495931218 32355.50991602491 29398.510947727576 31210.9727281769 90114.71249261609 
