214 
-1 27.436268744 14.1212764697 31.0953668507 22.6886761588 13.6750284999 
-1 10.4303170432 8.33411514168 23.2699689195 27.7974986146 4.93337844973 
-1 17.0966501099 13.0361837207 40.124672156 40.569554754 4.38044067754 
-1 23.8990307902 12.8191651709 47.6490932438 42.8917467794 2.17246307457 
-1 24.5792688583 16.6531595507 56.678398549 55.4315837163 5.50330872465 
-1 32.4700304474 18.5339869823 72.028217568 56.3604605265 2.59553070125 
-1 34.2386494243 17.8829313329 66.6106343849 58.2182141467 2.50563272026 
-1 31.7897923794 20.7041724804 61.4940280452 69.3647358684 10.5132216201 
-1 36.415411242 20.9211910302 82.5624070909 61.2370637797 2.35245992148 
0 36.1433160148 19.4744006982 62.9989122627 46.1428156149 2.02792438938 
0 24.307173631 12.8915046875 43.4354174346 31.7452250577 2.85859150219 
1 21.1780785181 11.0106772559 41.9305332171 30.11969064 0.855473211892 
1 17.0966501099 10.3596216065 41.0276026865 34.5318554881 0.46765104523 
0 20.3617928365 11.0106772559 48.5520237743 36.3896091084 -0.023914407728 
0 22.4025070405 12.0234304883 48.8530006178 35.6929515008 -0.16878790116 
0 19.6815547684 10.0702635401 43.1344405911 32.9063210704 -0.203414950664 
0 19.817602382 9.70856595709 36.2119731904 25.7075257918 -0.0636462981099 
0 14.1036026105 7.24902239267 26.2797373546 19.6698265259 0.48970506072 
0 10.5663646568 6.01925061046 21.4641078584 21.7597993487 0.485057134613 
0 11.3826503384 6.67030625987 28.0855984156 19.2053881208 -0.241055274297 
0 10.7024122704 5.29585544446 21.4641078584 14.096565665 -0.0661947796284 
0 5.66865056694 3.27034897965 15.4445709882 9.68440081685 0.323762281906 
0 4.71631727169 1.96823768084 7.61917305699 3.64670155093 0.698491477057 
0 3.90003159006 3.12566994645 8.82308043103 5.27223596867 1.13908729965 
0 4.58026965809 1.82355864764 -1.10915540478 0.860071120501 1.30322999182 
0 1.58722215874 1.10016348163 3.40549724786 4.111139956 1.52610986546 
0 1.85931738596 0.376768315627 0.997682499782 1.32450952557 0.315813540478 
0 0.770936477104 1.10016348163 4.30842777839 2.02116713318 0.217687154714 
0 2.26746022678 0.376768315627 4.30842777839 2.02116713318 -0.278207171797 
1 1.17907931792 0.159749765826 3.40549724786 2.25338633571 -0.219410906532 
0 2.6756030676 1.82355864764 8.22112674401 7.59442799403 1.28647382431 
1 5.39655533973 2.47461429704 11.2308951791 6.89777038642 0.403336352442 
0 5.12446011251 4.93415786146 13.0367562402 18.2765113107 1.47941790268 
0 11.7907931792 6.16392964367 20.8621541714 14.5610040701 0.970174574826 
0 7.16517431661 3.27034897965 11.5318720226 7.12998958896 0.391625942002 
1 3.62793636284 1.89589816424 10.3279646486 5.50445517121 -0.507440524088 
0 3.90003159006 2.25759574724 11.2308951791 7.12998958896 -0.461114880905 
0 5.53260295333 2.54695381364 13.9396867707 10.1488392219 -0.297535454349 
0 4.58026965809 2.11291671404 9.42503411805 4.8077975636 -0.111984729632 
0 1.85931738596 0.232089282427 -7.73064596199 -6.80316256317 2.61832129486 
0 -3.4465395447 -2.01043573219 -6.52673858796 -6.80316256317 -0.154891389881 
0 -3.71863477191 -2.22745428199 -5.32283121392 -5.17762814542 -0.629200432434 
0 -3.85468238552 -2.66149138159 -6.52673858796 -6.80316256317 -0.810099292122 
0 -3.99072999913 -2.37213331519 -11.0413912406 -9.82201219613 -0.497219025571 
0 -5.75934897601 -3.5295655808 -15.2550670497 -13.7697386392 0.191450005727 
0 -8.20820602093 -5.19337446261 -27.8960944771 -22.8262875381 1.99838248615 
1 -13.9222057924 -7.21888092742 -28.1970713206 -23.7551643482 0.183903034182 
0 -12.6977772699 -6.56782527802 -25.7892565726 -18.6463418925 0.337355496312 
1 -11.3373011339 -5.91676962861 -23.3814418245 -19.5752187026 -0.300213920242 
1 -10.9291582931 -6.13378817842 -20.9736270764 -17.0208074747 -0.557519958441 
0 -6.43958704404 -1.43171959938 -12.8472523017 -3.55209372767 2.17074570526 
0 -1.4058253406 -1.21470104958 -7.73064596199 -4.94540894288 0.146353305719 
0 -1.67792056781 -1.64873814919 -10.1384607101 -6.57094336063 -0.0214998495041 
0 -4.94306329437 -3.1678679978 -12.5462754581 -11.4475466139 -0.452969193455 
0 -6.84772988486 -4.1082817136 -15.8570207368 -10.7508890063 -0.298764397524 
0 -5.75934897601 -3.1678679978 -10.7404143971 -7.96425857584 -0.478524909208 
0 -5.75934897601 -3.1678679978 -11.3423680841 -8.66091618345 -0.618340828807 
0 -5.07911090798 -3.0955284812 -11.0413912406 -10.9831082088 -0.484976860873 
0 -7.11982511208 -4.2529607468 -17.0609281108 -15.1630538544 -0.444803811403 
1 -9.43263454339 -5.77209059541 -21.2746039199 -18.6463418925 -0.477457461771 
0 -11.6093963611 -5.04869542941 -22.1775344505 -15.859711462 -0.367573398523 
0 -9.568682157 -5.77209059541 -22.478511294 -19.1107802975 -0.542721434383 
1 -11.2012535203 -5.62741156221 -23.682418668 -17.0208074747 -0.00459400301666 
0 -10.6570630658 -3.6019050974 -20.6726502329 -10.2864506012 1.648949038 
0 -6.57563465765 -3.8189236472 -12.8472523017 -10.9831082088 -0.451842662212 
1 -5.4872537488 -3.7465841306 -11.6433449276 -10.0542313987 -0.575485374524 
1 -5.4872537488 -2.01043573219 -9.83748386656 -4.94540894288 0.39169684257 
0 -1.95001579503 -0.346626850377 -1.10915540478 -1.22990170232 0.549399399844 
1 -0.317444431749 -0.70832443338 -1.41013224829 0.395632715431 -0.386243881363 
0 0.498841249891 0.73846589863 2.50256671733 5.04001676614 0.190146223065 
0 3.08374590842 1.38952154803 1.5996361868 3.41448234839 0.384268038638 
0 1.99536499956 0.449107832228 1.90061303031 2.95004394332 -0.0641819912884 
1 1.45117454514 0.73846589863 5.81331199593 2.25338633571 -0.450842176423 
0 1.04303170432 0.521447348828 3.70647409137 4.111139956 -0.387854899819 
1 2.6756030676 1.17250299823 7.61917305699 6.43333198135 -0.395866663975 
0 2.8116506812 1.75121913104 9.12405727454 8.52330480417 -0.128417905668 
0 5.39655533973 2.18525623064 12.4348025531 9.68440081685 0.0600515590878 
0 1.45117454514 0.521447348828 -0.507201717766 -0.765463297246 2.93768896336 
0 -0.181396818142 -0.129608300576 -1.10915540478 0.395632715431 3.74093331214 
0 -0.453492045355 -0.70832443338 -4.11892383988 -4.01653213274 0.639604616621 
1 -3.58258715831 -2.51681234839 -10.7404143971 -8.66091618345 0.339100438062 
0 -3.85468238552 -0.853003466581 -5.62380805743 0.163413512895 0.404455005844 
0 -0.589539658962 -0.70832443338 -0.808178561275 -0.533244094711 -0.191220053011 
0 0.226746022678 -0.563645400179 -0.206224874256 1.09229032304 -0.138450336005 
0 -0.0453492045355 -0.418966366978 1.5996361868 0.163413512895 -0.629889743509 
0 -0.725587272568 -0.997682499782 -2.01208593531 -4.01653213274 -0.376483236537 
0 -3.31049193109 -1.72107766579 -4.11892383988 -4.48097053781 -0.858429845804 
0 -2.90234909027 -1.72107766579 -4.11892383988 -4.71318974035 -0.833634341694 
0 -4.26282522634 -1.72107766579 -6.22576174445 -5.87428575302 -0.810524695529 
0 -3.31049193109 -2.01043573219 -4.41990068339 -3.55209372767 -0.83322863289 
0 -1.95001579503 -1.50405911598 -4.41990068339 -3.0876553226 -0.8569251782 
0 -1.26977772699 -1.50405911598 -4.7208775269 -5.17762814542 -0.765278316544 
0 -3.17444431749 -2.44447283179 -5.92478490094 -7.0353817657 -0.90954915515 
1 -3.85468238552 -2.87850993139 -8.0316228055 -8.42869698091 -0.805348954083 
0 -5.21515852159 -2.80617041479 -8.0316228055 -6.3387241581 -0.914665812789 
0 -3.58258715831 -2.58915186499 -7.42966911848 -8.19647777838 -0.923169941999 
0 -4.67096806716 -3.02318896459 -8.63357649252 -7.0353817657 -0.907749068514 
0 -4.39887283995 -3.1678679978 -9.23553017954 -9.58979299359 -0.760071063735 
0 -5.89539658962 -3.6019050974 -10.4394375536 -9.82201219613 -0.848338331661 
0 -6.16749181683 -3.02318896459 -10.1384607101 -8.66091618345 -0.701420538526 
0 -5.21515852159 -3.5295655808 -11.6433449276 -11.2153274113 -0.574681834756 
1 -6.43958704404 -4.035942197 -11.6433449276 -10.5186698037 -0.666895900953 
1 -5.89539658962 1.10016348163 -10.1384607101 -4.24875133528 1.78355376587 
0 -2.63025386306 -0.78066394998 -2.31306277882 -2.15877851246 0.293712257942 
1 -0.997682499782 -0.853003466581 -2.61403962233 -4.48097053781 -0.621007477938 
0 -4.12677761273 -1.14236153298 -5.62380805743 -2.62321691753 -0.497203269889 
0 -0.861634886175 -0.563645400179 -0.206224874256 -2.62321691753 -0.574217042145 
1 -1.4058253406 -1.21470104958 -4.11892383988 -5.40984734795 -0.614173450992 
0 -2.49420624945 0.521447348828 -4.11892383988 -1.46212090485 1.04753497208 
0 -0.725587272568 -1.14236153298 -3.51697015286 -5.17762814542 -0.423151565797 
0 -2.49420624945 -1.57639863259 -4.7208775269 -6.10650495556 -0.747182916087 
0 -3.4465395447 -2.15511476539 -4.41990068339 -5.64206655049 -0.87275963833 
0 -3.4465395447 -2.37213331519 -5.02185437041 -5.87428575302 -0.794414510968 
0 -4.12677761273 -2.66149138159 -10.7404143971 -10.5186698037 -0.554750897378 
0 -6.16749181683 -4.035942197 -14.6531133627 -12.8408618291 -0.482511096684 
1 -7.93611079372 -5.04869542941 -19.4687428589 -17.2530266773 -0.412914311598 
0 -10.7931106795 -5.33805349581 -25.1873028855 -15.6274922595 -0.33404924674 
0 -8.20820602093 -3.8189236472 -14.9540902062 -12.1442042215 -0.558028079176 
0 -7.25587272568 -3.8912631638 -17.0609281108 -10.7508890063 -0.669109574235 
1 -7.39192033929 -4.3253002634 -13.7501828322 -11.4475466139 -0.893486237635 
0 -6.84772988486 -2.87850993139 -11.6433449276 -7.73203937331 -0.631835570202 
0 -4.67096806716 -2.58915186499 -9.23553017954 -5.87428575302 -0.738773320968 
0 -3.31049193109 -1.72107766579 -4.11892383988 -3.31987452514 -0.422119568644 
0 -2.49420624945 -1.86575669899 -4.7208775269 -4.01653213274 -0.820754071887 
0 -3.03839670388 -2.15511476539 -6.22576174445 -5.17762814542 -0.810820114561 
0 -3.17444431749 -2.08277524879 -5.62380805743 -4.71318974035 -0.923355071259 
1 -3.58258715831 -2.58915186499 -7.73064596199 -8.19647777838 -0.804974756642 
1 -4.94306329437 -2.80617041479 -7.73064596199 -6.3387241581 -0.904487642397 
1 -1.26977772699 0.955484448431 -0.808178561275 2.25338633571 2.06248053831 
0 3.08374590842 2.90865139664 8.82308043103 10.3810584245 2.69955365089 
0 11.1105551112 8.11709659188 21.7650847019 23.3853337664 4.24604865137 
0 12.0628884064 7.24902239267 25.6777836676 26.1719641969 1.94023614275 
0 13.2873169289 6.45328771007 22.367038389 15.2576616777 0.447318337968 
0 9.47798374792 5.80223206066 22.968992076 18.7409497157 -0.142137165527 
1 10.7024122704 5.36819496106 17.5514088928 12.9354696523 -0.185658297363 
0 -1.54187295421 0.955484448431 -1.41013224829 2.48560553825 1.84026240331 
0 0.634888863497 -0.274287333777 -0.808178561275 -2.62321691753 0.316337416895 
0 -1.13373011339 -0.70832443338 0.094751969253 -1.69434010739 -0.480120171982 
0 -1.26977772699 -1.14236153298 -2.01208593531 -4.01653213274 -0.632418530425 
1 -1.95001579503 -1.43171959938 -8.0316228055 -7.96425857584 -0.360845722428 
0 -4.12677761273 -2.37213331519 -7.12869227498 -4.71318974035 -0.638145720731 
0 -2.35815863585 -1.57639863259 -5.02185437041 -4.24875133528 -0.760866725662 
0 -3.85468238552 -2.51681234839 -6.82771543147 -7.26760096824 -0.971429595113 
0 -4.26282522634 -2.44447283179 -7.73064596199 -8.19647777838 -0.856145271954 
0 -4.80701568077 -3.3848865476 -11.9443217711 -11.2153274113 -0.62514334439 
0 -5.75934897601 -1.43171959938 -10.7404143971 -9.35757379105 -0.428236712072 
0 -5.07911090798 -3.0955284812 -11.3423680841 -9.12535458852 -0.813116505172 
1 -5.75934897601 -3.2402075144 -10.4394375536 -10.2864506012 -0.919581585487 
0 -6.03144420322 -2.66149138159 -10.7404143971 -8.42869698091 -0.794993532272 
0 -4.39887283995 -3.02318896459 -10.1384607101 -9.35757379105 -0.743960879175 
0 -6.16749181683 -3.674244614 -11.0413912406 -10.2864506012 -0.768795772489 
0 -6.43958704404 -3.7465841306 -11.9443217711 -11.6797658164 -0.768697299478 
1 -7.93611079372 -4.83167687961 -15.5560438932 -13.5375194367 -0.778363410214 
0 -8.07215840732 -3.6019050974 -14.6531133627 -8.89313538598 -0.65982553878 
0 -5.21515852159 -2.87850993139 -10.4394375536 -7.0353817657 -0.802839861769 
0 -4.12677761273 -2.80617041479 -7.73064596199 -7.73203937331 -0.945720261463 
0 -4.94306329437 -2.87850993139 -10.4394375536 -9.58979299359 -0.842095142779 
0 -7.11982511208 -4.1082817136 -13.7501828322 -12.8408618291 -0.90514938103 
0 -6.71168227126 -4.1806212302 -12.5462754581 -11.6797658164 -0.971847120678 
0 -6.03144420322 -3.7465841306 -14.0511596757 -12.1442042215 -0.844399411231 
0 -7.6640155665 -4.39763978 -14.9540902062 -12.376423424 -0.866319503426 
0 -7.39192033929 -4.5423188132 -14.9540902062 -12.376423424 -0.923682001655 
1 -7.11982511208 -4.39763978 -11.3423680841 -11.2153274113 -0.972989407603 
0 -6.57563465765 -3.1678679978 -14.0511596757 -9.12535458852 -0.682872162219 
1 -4.39887283995 -3.0955284812 -7.73064596199 -7.73203937331 -0.932087657853 
0 -4.39887283995 0.376768315627 -8.93455333603 3.64670155093 0.282549357442 
1 5.12446011251 1.96823768084 -2.91501646584 1.55672872811 1.21359985743 
0 0.90698409071 1.31718203143 1.5996361868 6.66555118389 -0.215334123886 
0 4.17212681727 1.89589816424 8.82308043103 8.0588663991 -0.420859114106 
0 3.49188874924 1.89589816424 9.12405727454 8.0588663991 -0.698686927747 
0 4.03607920366 1.53420058124 9.72601096156 6.66555118389 -0.90304599752 
1 3.21979352202 1.75121913104 4.91038146541 1.55672872811 -0.742511356456 
0 -0.725587272568 0.73846589863 1.90061303031 2.25338633571 -0.777583503969 
1 1.17907931792 0.304428799027 2.20158987382 0.627851917966 -0.771923275311 
0 0.226746022678 1.02782396503 3.70647409137 3.87892075346 -0.797829554982 
0 2.94769829481 0.955484448431 4.6094046219 4.8077975636 -0.803446455515 
0 3.21979352202 1.17250299823 7.9201499005 6.66555118389 -0.722119565388 
0 3.76398397645 1.75121913104 9.72601096156 8.29108560163 -0.79662424533 
0 4.98841249891 1.89589816424 11.2308951791 7.36220879149 -0.820308973878 
0 3.49188874924 1.31718203143 4.00745093488 0.627851917966 -0.649064408165 
0 -0.861634886175 -0.274287333777 0.997682499782 -1.69434010739 -0.808374044974 
0 -0.997682499782 -0.853003466581 -1.10915540478 -0.0688056896401 -0.925096074089 
0 -0.997682499782 -0.997682499782 -5.92478490094 -6.80316256317 -0.717593745813 
0 -3.99072999913 -2.58915186499 -9.23553017954 -9.58979299359 -0.850808034771 
1 -5.62330136241 -2.95084944799 -8.93455333603 -8.89313538598 -0.823003195453 
0 -5.21515852159 -2.80617041479 -8.33259964901 -6.57094336063 -0.952270686139 
0 -3.17444431749 -2.51681234839 -5.62380805743 -5.64206655049 -0.974348335152 
0 -3.4465395447 -2.58915186499 -7.73064596199 -7.0353817657 -0.937795153557 
0 -4.53492045355 -3.02318896459 -14.0511596757 -12.6086426265 -0.524724506937 
0 -7.93611079372 -4.68699784641 -17.9638586413 -15.395273057 -0.745276478599 
0 -9.7047297706 -4.83167687961 -22.478511294 -16.7885882722 -0.684274417892 
0 -10.1128726114 -5.84443011201 -21.2746039199 -16.7885882722 -0.76313554383 
1 -9.29658692978 -5.41039301241 -20.0706965459 -17.7174650823 -0.742889492818 
0 -10.3849678386 -4.4699792966 -19.4687428589 -12.376423424 -0.792291432856 
0 -7.11982511208 -3.8912631638 -14.0511596757 -12.1442042215 -0.697847937696 
0 -7.11982511208 -3.7465841306 -12.2452986146 -10.0542313987 -0.842071509256 
0 -6.03144420322 -3.7465841306 -11.6433449276 -10.2864506012 -0.865563230704 
0 -6.57563465765 -3.2402075144 -13.1482291452 -10.0542313987 -0.853494378505 
0 -6.84772988486 -4.1082817136 -12.8472523017 -11.9119850189 -0.980355188808 
1 -6.98377749847 -4.3253002634 -14.0511596757 -13.0730810316 -0.969428623534 
1 -7.93611079372 -3.3848865476 -14.3521365192 -9.82201219613 -0.744023901902 
1 -5.4872537488 -1.57639863259 -8.63357649252 -2.85543612006 -0.48970356539 
0 -0.589539658962 0.0874102492256 1.29865934329 -0.301024892175 -0.450105598302 
0 1.17907931792 -0.201947817176 -2.31306277882 -1.92655930992 -0.694247764422 
0 -1.54187295421 -0.563645400179 0.094751969253 1.09229032304 -0.783432800808 
1 -0.589539658962 -0.78066394998 -5.02185437041 -4.48097053781 -0.880042702206 
0 -1.81396818142 -0.70832443338 -1.10915540478 0.163413512895 -0.728110663363 
0 -0.0453492045355 -0.346626850377 1.29865934329 1.09229032304 -0.910880510256 
0 0.498841249891 0.304428799027 4.30842777839 2.48560553825 -0.916524983233 
0 1.85931738596 0.232089282427 5.21135830891 2.71782474078 -0.929098017247 
0 1.31512693153 0.0874102492256 2.50256671733 3.18226314586 -0.871794602825 
0 1.31512693153 0.0874102492256 2.50256671733 2.95004394332 -0.97533700418 
0 1.58722215874 0.0150707326251 3.10452040435 0.395632715431 -0.989387133355 
0 -0.725587272568 -0.563645400179 1.90061303031 -0.533244094711 -0.977980019788 
279166.666667 284895.833333 273342.592593 278648.148148 302537.310185 
3675.183906172074 6911.851550812316 1661.257371729352 2153.1380460401347 253876.66942202946 
