190 
-1 -4.80140078516 -3.47993283485 -4.99019074366 -4.31847267171 25.1949026584 
-1 -3.68803248715 -2.44872374512 -3.32196679221 -2.70677196794 7.72844478414 
-1 -2.11076073164 -1.22655000913 -2.13688966823 -2.21837781528 7.33798857944 
-1 -2.38910280614 -1.83763687712 -2.45594889392 -2.16953840001 4.08637834748 
-1 -2.06437038589 -1.72305808937 -2.00015000008 -2.36489606108 0.983109205431 
-1 -2.15715107739 -1.79944394787 -2.18246955761 -2.12069898475 1.52324216136 
-1 -1.64685727414 -0.500884353388 -1.40761143809 -0.802034772569 6.56638127719 
-1 -0.394317938878 -0.27172677789 -0.49601365041 0.0770747022164 3.25001691256 
-1 0.255146901627 0.950446958096 0.415584137268 1.34689949913 4.43891661149 
0 1.78602831139 1.37056917984 -0.769492986713 -1.14391067943 11.521122935 
0 -1.36851519963 -1.07377829213 -1.86341033193 -1.82766249315 7.68539620791 
0 -1.73963796564 -1.60847930163 -1.72667066377 -2.12069898475 1.54821054759 
1 -1.83241865714 -1.60847930163 -1.90899022131 -2.16953840001 1.62211078013 
0 -1.87880900289 -0.615463141136 -1.81783044254 -0.704355942037 4.30002691546 
0 -0.811831050631 -0.768234858135 -1.04297232302 -0.948553018366 1.46613945994 
0 -0.997392433632 -0.921006575133 -1.54435110624 -1.87650190842 2.25617040796 
0 -1.83241865714 -1.57028637238 -1.68109077439 -1.97418073895 -0.0994358110585 
0 -1.83241865714 -1.34112879688 -1.58993099562 -1.63230483209 0.505904978374 
0 -1.69324761989 -1.49390051388 -1.68109077439 -2.07185956948 -0.393251619287 
0 -1.92519934864 -1.79944394787 -2.228049447 -2.56025372214 0.377490683248 
0 -2.34271246039 -2.06679445262 -2.09130977884 -2.51141430687 -0.625470119762 
1 -2.34271246039 -2.18137324037 -2.91174778775 -3.24400553586 1.04602309362 
0 -3.22412902965 -2.41053081587 -2.86616789837 -3.24400553586 -0.0879512438355 
0 -2.71383522639 -2.21956616962 -2.5015287833 -2.56025372214 0.24157336368 
1 -2.52827384339 -2.10498738187 -2.27362933638 -2.70677196794 -0.897315359385 
1 -2.48188349764 -2.02860152337 -2.13688966823 -2.16953840001 -0.392395099966 
1 -1.92519934864 -1.41751465538 -1.54435110624 -1.68114424735 1.13251882439 
0 -1.60046692839 -1.49390051388 -1.58993099562 -1.92534132368 -0.95347673759 
0 -1.27573450813 -1.18835707988 -1.68109077439 -2.07185956948 -0.0171505935838 
1 -2.06437038589 -1.87582980637 -1.81783044254 -2.16953840001 -1.22308951473 
0 -1.97158969439 -1.72305808937 -1.95457011069 -1.82766249315 -1.00190188065 
0 -1.69324761989 -1.60847930163 -1.49877121685 -1.92534132368 -1.24382830679 
0 -1.87880900289 -1.76125101862 -1.81783044254 -2.07185956948 -1.35339917687 
0 -1.78602831139 -1.53209344313 -1.58993099562 -1.82766249315 -0.86530188974 
0 -1.73963796564 -1.57028637238 -1.40761143809 -1.82766249315 -1.18780261481 
1 -1.78602831139 -1.72305808937 -1.58993099562 -2.02302015421 -1.49281889722 
0 -1.92519934864 -1.64667223087 -1.58993099562 -1.68114424735 -1.30550829833 
1 -1.55407658264 -1.45570758463 -1.3620315487 -1.77882307789 -1.36813385329 
0 -1.60046692839 -0.882813645883 -1.31645165932 -0.948553018366 0.995893392316 
0 -0.71905035913 -0.615463141136 -0.541593539793 -0.55783769624 -0.0669771209746 
0 -0.67266001338 -0.806427787384 -0.632753318561 -0.997392433632 -0.994381895427 
1 -0.811831050631 -0.882813645883 -0.678333207945 -0.802034772569 -1.32579126947 
0 -0.76544070488 -0.424498494889 -0.450433761026 -0.215961789379 -0.22180146851 
0 -0.115975864376 -0.118955060892 0.187684690348 -0.118282958847 -0.449137384839 
1 -0.0695855186255 -0.195340919391 0.0053651328129 0.0770747022164 -1.13470689734 
0 -0.0231951728752 0.0338166561064 0.187684690348 0.467790024343 -0.962094933227 
0 0.440708284628 0.148395443855 0.0965249115806 0.174753532748 -0.735992913541 
0 0.115975864376 -0.118955060892 -0.176954424723 -0.215961789379 -0.675483215717 
0 -0.347927593127 -0.348112636389 -0.040214756571 -0.167122374113 -1.23351403329 
0 -0.208756555876 -0.386305565639 -0.0857946459548 -0.215961789379 -1.39281814648 
1 -0.255146901627 -0.195340919391 0.0053651328129 0.174753532748 -1.1434628993 
0 0.0231951728752 0.339360090103 0.278844469116 0.711987100672 -0.398093921583 
0 0.67266001338 0.377553019353 0.552323805419 0.760826515938 -0.422710371652 
0 0.208756555876 0.224781302354 0.142104800964 0.370111193811 0.719735874728 
0 0.394317938878 0.148395443855 0.142104800964 -0.0694435435811 1.69518841491 
0 -0.115975864376 -0.195340919391 -0.0857946459548 0.0282352869506 -0.677223815623 
0 -0.0695855186255 -0.233533848641 -0.176954424723 -0.411319450442 -0.989910610163 
0 -0.301537247377 0.0338166561064 0.0053651328129 0.467790024343 -0.409637851531 
0 -0.0695855186255 -0.157147990141 -0.359273982258 -0.508998280974 4.39851603681 
0 -0.394317938878 -0.539077282637 -0.450433761026 -0.264801204644 0.808133332798 
0 -0.394317938878 -0.386305565639 -0.176954424723 -0.215961789379 -0.507607549034 
0 -0.255146901627 -0.424498494889 -0.26811420349 -0.606677111505 -0.872823995058 
0 -0.579879321879 -0.653656070386 -0.450433761026 -0.704355942037 -1.07433500584 
0 -0.71905035913 -0.500884353388 -0.450433761026 -0.264801204644 -0.871382328875 
0 -0.71905035913 -0.768234858135 -0.49601365041 -0.753195357303 -0.678726964628 
1 -0.71905035913 -0.768234858135 -0.587173429177 -0.948553018366 -1.13282425091 
0 -0.904611742131 -0.615463141136 -0.587173429177 -0.55783769624 -0.837526494652 
0 -0.487098630378 -0.653656070386 -0.49601365041 -0.753195357303 -1.23140029625 
0 -0.71905035913 -0.882813645883 -0.723913097329 -1.0462318489 -1.10461423587 
0 -1.04378277938 -1.11197122138 -1.31645165932 -1.63230483209 0.154386481184 
0 -1.64685727414 -1.41751465538 -1.31645165932 -1.53462600156 -0.997326710615 
0 -1.41490554539 -1.41751465538 -1.27087176994 -1.68114424735 -1.30449277171 
0 -1.60046692839 -1.18835707988 -1.27087176994 -1.53462600156 -1.08947462086 
0 -1.50768623689 -1.41751465538 -1.31645165932 -1.68114424735 -1.33022651308 
0 -1.64685727414 -1.60847930163 -1.49877121685 -1.82766249315 -1.22348809303 
0 -1.73963796564 -1.41751465538 -1.63551088501 -1.92534132368 -0.463793617664 
1 -1.78602831139 -1.57028637238 -1.49877121685 -1.82766249315 -1.16427801486 
1 -1.73963796564 -1.41751465538 -1.3620315487 -1.63230483209 -0.981546826206 
1 -1.36851519963 -0.00437627314318 -1.17971199117 -0.264801204644 3.7074830335 
0 -0.255146901627 0.415745948602 0.0509450221968 0.0770747022164 2.50365572929 
1 0.115975864376 -0.00437627314318 -0.040214756571 -0.264801204644 -0.824540898522 
0 -0.347927593127 0.148395443855 -0.040214756571 0.223592948014 -0.304760876934 
0 0.67266001338 0.453938877852 0.734643362955 0.516629439609 -0.319764805721 
1 0.579879321879 0.224781302354 0.278844469116 0.125914117482 -0.738908047367 
0 0.162366210126 1.52334089684 0.3244243585 2.12833014338 3.03723758448 
0 1.64685727414 1.29418332134 1.32718192495 1.20038125333 0.80737009776 
0 1.22934416238 0.874061099597 1.09928247803 0.85850534647 -0.788473802786 
0 0.579879321879 0.835868170347 0.734643362955 0.956184177002 -0.516738808224 
0 0.811831050631 0.835868170347 1.00812269926 0.907344761736 -0.953669666447 
0 0.301537247377 0.072009585356 0.370004247884 0.125914117482 -0.296367411615 
0 0.115975864376 0.377553019353 0.233264579732 0.370111193811 -1.13728281559 
0 0.208756555876 -0.0425692023928 0.233264579732 0.223592948014 -1.09875428686 
0 -1.09017312513 -0.882813645883 -1.45319132747 -1.43694717102 2.38287378455 
0 -1.36851519963 -1.15016415063 -1.04297232302 -1.33926834049 -0.779836526274 
1 -1.22934416238 -1.18835707988 -1.17971199117 -1.53462600156 -1.03608845005 
1 -1.69324761989 -1.30293586763 -1.31645165932 -1.38810775576 -1.19552400928 
0 -1.41490554539 -0.806427787384 -1.04297232302 -0.704355942037 -0.52803044659 
1 -0.811831050631 -0.691848999636 -0.49601365041 -0.802034772569 -1.25479345016 
0 -0.579879321879 -0.27172677789 -0.26811420349 -0.0694435435811 -0.539968714641 
1 -0.0695855186255 -0.195340919391 0.0053651328129 -0.0206041283153 -1.34971020752 
0 -0.0231951728752 -0.0425692023928 0.142104800964 0.0282352869506 -1.21239786391 
0 0.347927593127 0.148395443855 0.370004247884 0.370111193811 -1.24062695982 
1 0.301537247377 0.072009585356 0.506743916035 0.418950609077 -1.42158574711 
1 0.347927593127 0.224781302354 0.689063473571 0.614308270141 -1.3444862877 
0 2.52827384339 2.01984897708 1.87414059755 3.00743961817 3.33683277803 
0 3.7344228329 4.12046008581 3.1503775003 3.2516366945 5.63086077017 
0 3.3633000669 2.78370756208 2.83131827461 2.8120819571 0.872599132235 
0 2.52827384339 2.32539241108 2.23877971262 3.39815494029 1.61220144522 
0 2.8066159179 2.28719948183 2.74015849584 3.05627903343 -0.662855916035 
1 2.85300626365 2.24900655258 2.64899871708 2.8120819571 -1.00254427014 
0 2.52827384339 1.94346311859 2.55783893831 2.42136663498 -1.24336612557 
1 3.5488614499 2.78370756208 2.92247805338 3.30047610976 2.17307531331 
0 3.3633000669 2.82190049133 3.46943672599 3.88654909295 0.42096963924 
0 4.33749732766 3.39479443007 2.55783893831 2.56788488077 0.446304802304 
0 2.43549315189 2.13442776483 2.42109927016 2.47020605024 -0.450375521679 
0 2.52827384339 2.09623483558 2.19319982324 2.07949072812 -0.0670237631158 
0 2.43549315189 1.71430554309 2.19319982324 2.22600897391 -0.950033699531 
0 2.01798004014 1.79069140159 2.23877971262 2.42136663498 -1.22078284884 
0 2.06437038589 1.40876210909 1.09928247803 1.15154183806 -0.733086260105 
1 1.22934416238 0.950446958096 1.28160203556 1.15154183806 -1.15927034498 
0 1.22934416238 1.14141160434 1.41834170371 1.68877540599 -1.33734792 
0 1.73963796564 1.14141160434 1.60066126125 1.39573891439 -1.53401238829 
0 1.64685727414 1.37056917984 1.78298081878 1.68877540599 -1.35998843936 
1 1.50768623689 1.10321867509 1.55508137186 1.44457832966 -1.59828949907 
0 1.46129589114 1.59972675534 1.69182104002 2.37252721971 -1.14968114476 
0 2.29632211464 1.63791968459 1.05370258864 1.68877540599 -0.582349460218 
0 1.36851519963 1.17960453359 1.64624115063 1.59109657546 -1.36235234788 
1 1.27573450813 1.06502574584 1.60066126125 1.59109657546 -1.5343240426 
0 1.32212485388 1.25599039209 1.64624115063 1.68877540599 -1.32326199335 
1 1.97158969439 1.56153382609 1.91972048694 1.98181189758 -1.04367839849 
0 2.01798004014 1.86707726009 2.10204004447 2.32368780445 -0.753591841457 
0 2.62105453489 1.86707726009 2.37551938077 2.22600897391 -1.22110510363 
0 2.06437038589 1.79069140159 2.10204004447 2.51904546551 -1.00854838577 
0 1.87880900289 1.56153382609 2.05646015509 1.93297248232 -1.36691479733 
0 2.11076073164 1.52334089684 2.0108802657 1.93297248232 -1.27618735229 
0 1.83241865714 1.29418332134 1.7374009294 1.54225716019 -1.35841744724 
1 1.36851519963 1.17960453359 1.50950148248 1.68877540599 -1.26288586166 
0 1.55407658264 1.29418332134 1.82856070817 2.03065131285 -1.45477587077 
0 2.48188349764 1.59972675534 2.60341882769 2.47020605024 -1.10705870809 
0 2.38910280614 1.71430554309 2.10204004447 2.22600897391 -0.936346351184 
1 2.20354142314 1.79069140159 2.37551938077 2.56788488077 -1.04781894857 
0 2.52827384339 2.63093584508 2.78573838523 3.59351260136 0.582576178126 
0 3.78081317865 3.16563685457 2.14761993385 2.12833014338 6.06408145807 
0 1.87880900289 1.48514796759 1.78298081878 1.73761482126 -0.236646389997 
1 1.69324761989 1.21779746284 1.60066126125 1.39573891439 -0.894226377579 
0 1.18295381663 1.14141160434 1.50950148248 1.83529365179 -0.717342417351 
0 1.69324761989 1.10321867509 1.64624115063 1.49341774493 -1.07676039718 
0 1.78602831139 1.21779746284 1.41834170371 1.20038125333 -0.693315354339 
0 1.04378277938 0.759482311848 1.09928247803 1.20038125333 -1.21128693291 
0 0.904611742131 0.530324736351 1.00812269926 0.956184177002 -1.0146288249 
0 1.18295381663 0.874061099597 1.28160203556 1.20038125333 -1.02314737597 
0 1.04378277938 0.6449035241 0.825803141722 0.760826515938 -1.02386396886 
0 0.811831050631 0.530324736351 1.00812269926 1.00502359227 -1.16732247463 
1 0.904611742131 0.5685176656 1.19044225679 1.05386300753 -1.30406663215 
0 0.951002087882 0.721289382599 1.28160203556 1.34689949913 -1.18466699086 
0 1.27573450813 0.988639887346 1.28160203556 1.05386300753 -1.01445073673 
0 0.951002087882 0.492131807101 0.597903694803 0.370111193811 -0.5666564998 
0 0.394317938878 0.110202514606 -0.040214756571 -0.362480035176 -0.827517515169 
0 -0.440708284628 -0.653656070386 -0.49601365041 -0.655516526771 -1.27908976554 
0 -0.579879321879 -0.615463141136 -0.450433761026 -0.655516526771 -1.52439986701 
0 -0.579879321879 -0.653656070386 -0.906232654864 -1.14391067943 -1.18973614357 
0 -1.18295381663 -1.03558536288 -0.815072876097 -1.09507126416 -1.27617675181 
0 -1.09017312513 -1.15016415063 -0.906232654864 -1.14391067943 -1.38349395843 
0 -1.13656347088 -1.11197122138 -1.13413210178 -1.53462600156 -1.48465228231 
0 -1.60046692839 -1.57028637238 -2.13688966823 -2.26721723054 -0.543373590949 
1 -2.43549315189 -1.72305808937 -2.04572988946 -1.87650190842 -1.00407074021 
0 -2.34271246039 -1.79944394787 -1.95457011069 -2.02302015421 -1.21810516591 
0 -2.06437038589 -1.87582980637 -2.36478911515 -2.56025372214 -0.937951264861 
1 -2.38910280614 -1.87582980637 -2.31920922576 -2.26721723054 -0.952933992675 
1 -2.34271246039 -1.11197122138 -2.04572988946 -0.997392433632 0.30679815796 
1 -0.76544070488 0.5685176656 -0.723913097329 -0.0206041283153 1.16851595691 
1 0.162366210126 0.377553019353 0.506743916035 0.809665931204 -0.325811323299 
0 1.04378277938 1.25599039209 1.19044225679 2.03065131285 0.4344873798 
1 1.73963796564 1.17960453359 1.37276181433 1.2492206686 -0.549854728479 
0 0.811831050631 1.14141160434 1.05370258864 1.59109657546 -0.548277376068 
0 1.64685727414 1.10321867509 1.05370258864 0.809665931204 -0.892199564534 
1 0.858221396381 0.60671059485 0.643483584187 0.467790024343 -1.32680043579 
1 0.301537247377 0.186588373105 0.278844469116 0.370111193811 -1.29043652643 
0 0.626269667629 0.721289382599 0.780223252339 0.711987100672 -1.0606455374 
0 0.951002087882 0.530324736351 0.91696292049 0.760826515938 -1.39190014433 
0 0.76544070488 0.6449035241 0.91696292049 1.2492206686 -1.2246944284 
0 0.904611742131 0.5685176656 0.825803141722 0.614308270141 -1.10487288775 
1 0.626269667629 0.262974231604 0.3244243585 0.125914117482 -0.983268345236 
0 -0.347927593127 0.301167160853 -0.0857946459548 0.565468854875 1.02908987627 
0 0.76544070488 0.530324736351 0.91696292049 0.711987100672 -0.434523553961 
0 0.67266001338 0.262974231604 0.552323805419 0.27243236328 -0.73099584414 
0 0.301537247377 0.072009585356 0.461164026652 0.223592948014 -0.762057390086 
0 -0.0231951728752 -0.0807621316423 0.187684690348 0.0282352869506 -1.15511707431 
0 -0.0231951728752 -0.233533848641 -0.040214756571 -0.264801204644 -0.944830980689 
0 -0.440708284628 -0.615463141136 -0.723913097329 -1.0462318489 0.194163747242 
157750.0 161557.291667 153941.145833 157210.9375 902627.53125 
10778.104623124438 13091.428435161308 10969.750184979315 10237.632806993908 471676.4589207885 
