1049 
-1 -0.438771139154 -0.37982155661 -0.524293282098 -0.412141412617 10.7827510173 
-1 -0.343298089828 -0.301352112002 -0.426516250462 -0.395484591827 6.77240510922 
-1 -0.338338450902 -0.328325983586 -0.418994940337 -0.392708455028 2.04585984594 
-1 -0.332138902244 -0.313612962722 -0.414482154261 -0.345514129455 2.43802451557 
-1 -0.297421429762 -0.28786517621 -0.346790363129 -0.314976624672 1.84914750507 
-1 -0.28750215191 -0.242500028546 -0.352807411229 -0.321916966668 1.91187072064 
-1 -0.277582874058 -0.273152155346 -0.327234956802 -0.302484009079 0.856949075789 
-1 -0.25402458916 -0.199587051026 -0.307679550475 -0.235856725916 2.49565126418 
-1 -0.21310756802 -0.19590879581 -0.249013331493 -0.213647631529 1.78266305927 
0 -0.190789192853 -0.203265306242 -0.343781839078 -0.326081171866 3.03787021371 
1 -0.282542512984 -0.27560432549 -0.360328721355 -0.316364693071 1.47287873469 
0 -0.282542512984 -0.209395731602 -0.354311673255 -0.233080589118 2.88410171896 
0 -0.192029102584 -0.182421860018 -0.249013331493 -0.215035699928 1.98690256213 
0 -0.184589644195 -0.155447988434 -0.227953663141 -0.213647631529 2.13452614701 
0 -0.175910276075 -0.18364794509 -0.259543165669 -0.256677751905 1.63931317224 
0 -0.219307116678 -0.219204412178 -0.322722170726 -0.276110709494 1.50557322844 
0 -0.240385582113 -0.23882177333 -0.300158240349 -0.260841957102 0.743585596746 
1 -0.240385582113 -0.25108262405 -0.325730694777 -0.316364693071 0.973678855885 
1 -0.281302603253 -0.271926070274 -0.327234956802 -0.305260145877 0.47243380814 
0 -0.263943867012 -0.231465262898 -0.3091838125 -0.249737409909 1.23109275109 
1 -0.235425943187 -0.233917433042 -0.288124144148 -0.271946504296 0.776689124281 
0 -0.232946123724 -0.224108752466 -0.274585785921 -0.258065820304 0.663236316021 
0 -0.215587387483 -0.21430007189 -0.261047427695 -0.231692520719 0.639070411812 
1 -0.206908019362 -0.209395731602 -0.261047427695 -0.244185136312 0.429151451303 
0 -0.23790576265 -0.216752242034 -0.285115620097 -0.22891638392 0.429480558948 
0 -0.200708470705 -0.204491391314 -0.261047427695 -0.258065820304 0.508673261378 
0 -0.285022332447 -0.265795644914 -0.345286101104 -0.302484009079 0.616117504351 
1 -0.280062693521 -0.279282580706 -0.426516250462 -0.377439702637 1.29362320361 
0 -0.351977457948 -0.30625645229 -0.458105752991 -0.338573787459 1.53879429442 
1 -0.260224137817 -0.270699985202 -0.330243480852 -0.302484009079 0.781240212856 
0 -0.299901249225 -0.230239177826 -0.346790363129 -0.244185136312 1.0026356271 
0 -0.204428199899 -0.213073986818 -0.280602834022 -0.276110709494 0.771479820417 
1 -0.220547026409 -0.225334837538 -0.26255168972 -0.255289683505 0.303183149461 
0 -0.223026845872 -0.178743604802 -0.252021855544 -0.190050468742 1.75281299588 
0 -0.161031359297 -0.160352328722 -0.202381208713 -0.177557853149 1.05291387216 
0 -0.185829553927 -0.16525666901 -0.224945139091 -0.216423768327 1.08191295721 
0 -0.173430456612 -0.182421860018 -0.249013331493 -0.221976041924 0.882436112115 
0 -0.185829553927 -0.194682710738 -0.270072999846 -0.244185136312 1.6112732009 
0 -0.218067206946 -0.224108752466 -0.280602834022 -0.269170367498 0.910664144969 
1 -0.232946123724 -0.236369603186 -0.31219233655 -0.29970787228 0.701008470576 
1 -0.267663596206 -0.236369603186 -0.306175288449 -0.253901615106 0.541062155171 
0 -0.216827297214 -0.204491391314 -0.255030379594 -0.221976041924 0.65867582437 
0 -0.190789192853 -0.187326200306 -0.233970711242 -0.21087149473 0.867353578904 
0 -0.180869915001 -0.192230540594 -0.217423828965 -0.208095357932 0.125446215082 
1 -0.185829553927 -0.192230540594 -0.238483497317 -0.230304452319 0.551297402926 
0 -0.205668109631 -0.129700201922 -0.239987759342 -0.14008000637 2.46328117654 
1 -0.136233164667 -0.124795861634 -0.164774658084 -0.151184553564 1.07103830031 
0 -0.148632261982 -0.114987181058 -0.188842850487 -0.120647048781 0.972602203733 
0 -0.0891165948697 -0.0855611393299 -0.115134011254 -0.110930569986 1.2033583797 
0 -0.0953161435272 -0.0696220333939 -0.107612701128 -0.0998260227927 0.846469348069 
0 -0.0915964143327 -0.0892393945459 -0.106108439103 -0.0984379543935 0.241931515214 
1 -0.0878766851382 -0.0965959049779 -0.163270396059 -0.167841374354 0.411680536898 
0 -0.121354247889 -0.0941437348339 -0.136193679606 -0.0887214755989 0.994403234436 
0 -0.0593587613136 -0.0512307573139 -0.0669976264489 -0.0734527232075 0.755193693534 
1 -0.0754775878231 -0.0696220333939 -0.086553032776 -0.0970498859942 0.166462430708 
0 -0.0915964143327 -0.0769785438259 -0.0925700808766 -0.0776169284051 0.300616109831 
0 -0.0717578586286 -0.0610394378899 -0.0805359846753 -0.083169202002 0.327696967466 
0 -0.0866367754067 -0.0818828841139 -0.0940743429018 -0.083169202002 0.174318700345 
0 -0.117634518694 -0.106404585554 -0.131680893531 -0.138691937971 0.331434690004 
1 -0.103995511648 -0.113761095986 -0.200876946688 -0.190050468742 0.726975063756 
0 -0.136233164667 -0.113761095986 -0.158757609984 -0.113706706785 0.312868317296 
1 -0.0965560532587 -0.102726330338 -0.12867236948 -0.135915801172 0.2516354892 
0 -0.106475331111 -0.0831089691859 -0.116638273279 -0.0942737491958 0.557522238952 
1 -0.0841569559437 -0.0475525020979 -0.0850487707508 -0.0429152184246 0.823972489773 
0 -0.0717578586286 -0.0279351409459 -0.068501888474 -0.013765782041 0.847903317093 
0 0.00635645445608 0.0174300067181 -0.0173569796186 -0.0318106712309 1.38242114773 
1 -0.0172018304425 -0.0169003752979 -0.17530449226 -0.149796485165 3.61943163142 
0 -0.134993254935 -0.12234369149 -0.190347112512 -0.130363527576 1.69612185328 
1 -0.101515692185 -0.111308925842 -0.127168107455 -0.131751595975 0.530831608953 
0 -0.0990358727217 -0.0843350542579 -0.11964679733 -0.0914976123973 1.0167590466 
0 -0.0742376780916 -0.0794307139699 -0.0940743429018 -0.101214091192 0.458545465527 
0 -0.0878766851382 -0.0843350542579 -0.107612701128 -0.0970498859942 0.660387184124 
1 -0.0866367754067 -0.0916915646899 -0.115134011254 -0.0901095439981 0.317391196644 
1 -0.0717578586286 0.0162039216461 -0.068501888474 0.0348166119317 1.85997044505 
0 0.0212353712341 0.0480821335181 0.0383007153124 0.0375927487302 1.62608774645 
0 0.0485133853272 0.0676994946701 0.0458220254382 0.05563763792 1.11121294067 
1 0.0497532950587 0.0676994946701 -0.0113399315179 0.011219449145 0.894476750379 
0 0.0336344685491 0.0554386439501 0.0337879292369 0.080622869106 0.754215773675 
0 0.0894304064668 0.0971255363981 0.090949886193 0.0764586639084 0.946235979841 
1 0.0683519410312 0.0542125588781 0.0428135013879 0.0445330907263 0.867762612692 
0 0.0299147393546 0.0431777932301 0.0428135013879 0.0611899115169 0.29921975311 
0 0.0584326631792 0.0824125155341 0.0879413621427 0.0709063903115 0.657392304555 
0 0.0770313091518 0.0664734095981 0.0638731697401 0.05563763792 0.359136150626 
0 0.0373541977437 0.0284647723661 0.0172410469601 0.011219449145 0.931313298915 
1 -0.00108300393294 0.0125256664301 0.015736784935 0.00427910714888 0.291607963438 
0 -0.0172018304425 0.0211082619341 -0.0173569796186 0.0320404751333 0.275538107293 
0 0.0398340172067 0.0272386872941 0.0322836672117 0.0139955859434 0.0998745510764 
0 0.0348743782807 0.0394995380141 0.0458220254382 0.0459211591255 0.246933951416 
0 0.0497532950587 0.0370473678701 0.0608646456898 0.0403688855286 0.0410865226277 
0 0.0385941074752 0.0235604320781 0.0262666191111 0.00983138074576 0.228221831036 
1 0.0150358225766 0.0186560917901 0.00370268873367 0.0389808171294 0.388337401802 
1 0.0125560031136 0.0198821768621 0.0172410469601 0.0167717227419 0.435197628893 
0 0.0348743782807 0.0578908140941 0.0503348115137 0.0722944587107 0.933960264687 
0 0.0782712188833 0.0676994946701 0.0939584102433 0.0750705955091 0.32104899304 
0 0.0683519410312 0.0848646856781 0.0668816937904 0.0445330907263 0.956767424477 
0 0.0485133853272 0.0444038783021 0.0398049773375 0.0195478595403 0.591142935644 
1 0.0237151906971 0.0247865171501 0.0307794051866 0.0445330907263 0.0433056484616 
0 0.0224752809656 0.0394995380141 0.0458220254382 0.0459211591255 0.115121638109 
0 0.0522331145217 0.0444038783021 0.0653774317653 0.0542495695208 0.0592767723132 
0 0.0423138366697 0.0321430275821 0.0638731697401 0.0459211591255 -0.0641150868227 
0 0.0497532950587 0.0444038783021 0.0458220254382 0.0431450223271 0.16972529793 
0 0.0361142880122 0.0407256230861 0.0503348115137 0.0625779799162 0.0956713762976 
0 0.0522331145217 0.0566647290221 0.0774115279666 0.0611899115169 0.261607450839 
0 0.0658721215682 0.0554386439501 0.0774115279666 0.0667421851138 0.108939115924 
1 0.0646322118367 0.0701516648141 0.0924541482182 0.0972796898967 0.664195429728 
0 0.0819909480778 0.111838557262 0.104488244419 0.113936510687 2.38298831427 
0 0.109268962171 0.103255961758 0.109001030495 0.0875632111021 0.752156500126 
0 0.0757913994203 0.0676994946701 0.0864371001175 0.0667421851138 0.130697832787 
0 0.0596725729107 0.0529864738061 0.081924314042 0.0611899115169 0.0514110996009 
0 0.0497532950587 0.0468560484461 0.0548475975891 0.0348166119317 0.226900698919 
1 0.0348743782807 0.0211082619341 0.0217538330356 0.0126075175442 0.510525667265 
0 0.0150358225766 0.0333691126541 0.0307794051866 0.05563763792 0.193077836102 
0 0.0423138366697 0.0382734529421 0.0563518596143 0.0542495695208 -0.0449610218915 
0 0.0584326631792 0.0419517081581 0.0668816937904 0.0514734327224 -0.0499305473289 
0 0.0485133853272 0.0321430275821 0.0503348115137 0.0348166119317 -0.0767528203855 
1 0.0299147393546 0.0272386872941 0.0473262874633 0.0278762699356 -0.0259009877159 
0 0.0199954615026 0.0480821335181 0.0383007153124 0.0667421851138 0.420364277185 
0 0.0671120312997 0.0542125588781 0.0789157899917 0.0709063903115 0.00886688419529 
0 0.0609124826422 0.0946733662541 0.044317763413 0.0403688855286 0.58677990858 
0 0.0447936561327 0.0321430275821 0.0518390735388 0.0334285435325 -0.0112603990572 
0 0.0460335658642 0.0333691126541 0.0578561216395 0.0417569539278 -0.0548342512375 
0 0.0348743782807 0.0296908574381 0.0593603836646 0.0459211591255 -0.177375132034 
0 0.0472734755957 0.0321430275821 0.0563518596143 0.036204680331 -0.14350525384 
0 0.0348743782807 0.0272386872941 0.053343335564 0.0403688855286 -0.141229709553 
0 0.0410739269382 0.0591168991661 0.0668816937904 0.05563763792 0.263243585988 
1 0.0522331145217 0.0664734095981 0.0713944798659 0.0611899115169 0.286187090373 
0 0.0547129339847 0.0505343036621 0.0744030039162 0.0709063903115 -0.124525145807 
0 0.0757913994203 0.0615690693101 0.0864371001175 0.0653541167146 -0.134313747473 
0 0.0596725729107 0.0444038783021 0.0744030039162 0.0639660483154 -0.0797194907271 
0 0.0584326631792 0.0493082185901 0.0759072659414 0.0528615011216 -0.110603892429 
0 0.0534730242532 0.0382734529421 0.0638731697401 0.0445330907263 -0.0491877043591 
0 0.0398340172067 0.0309169425101 0.053343335564 0.0375927487302 -0.135277562718 
0 0.0336344685491 0.0198821768621 0.0217538330356 0.00705524394732 0.0640911470038 
1 0.00759636418758 0.0125256664301 0.0277708811362 0.0209359279395 -0.0793386661666 
0 0.0199954615026 0.0296908574381 0.0428135013879 0.0445330907263 0.0597892399317 
0 0.0472734755957 0.0309169425101 0.0488305494885 0.0306524067341 -0.131530437105 
0 0.0274349198916 0.0162039216461 0.0247623570859 0.011219449145 0.0224684330038 
0 0.00387663499307 0.00149090078213 -0.00532288341729 -0.0151538504402 0.0814868368039 
0 -0.0172018304425 -0.0181264603699 -0.0293910758199 -0.038751013227 0.245349533183 
0 -0.028361018026 -0.0328394812339 -0.100091391002 -0.0887214755989 0.759984560536 
1 -0.0729977683601 -0.0794307139699 -0.101595653028 -0.110930569986 0.566488071505 
0 -0.103995511648 -0.0757524587539 -0.148227775808 -0.0859453388005 1.82550817309 
1 -0.0816771364806 -0.0941437348339 -0.12867236948 -0.135915801172 0.396833080577 
0 -0.115154699231 -0.105178500482 -0.12265532138 -0.109542501587 0.164327932555 
0 -0.0915964143327 -0.0953698199059 -0.130176631506 -0.131751595975 0.203961896072 
0 -0.100275782453 -0.0978219900499 -0.118142535304 -0.120647048781 0.179758379561 
1 -0.111434970037 -0.12234369149 -0.148227775808 -0.138691937971 0.374843988362 
0 -0.123834067352 -0.105178500482 -0.139202203657 -0.10537829639 0.353033554583 
0 -0.0965560532587 -0.0929176497619 -0.109116963153 -0.113706706785 0.129108713016 
0 -0.0953161435272 -0.101500245266 -0.12566384543 -0.128975459176 0.0503156412973 
0 -0.108955150574 -0.12234369149 -0.157253347959 -0.162289100758 0.193148359169 
0 -0.149872171713 -0.144413222786 -0.176808754286 -0.15812489556 0.0828361781479 
1 -0.139952893861 -0.145639307858 -0.17530449226 -0.174781716351 0.205447582012 
0 -0.154831810639 -0.156674073506 -0.173800230235 -0.159512963959 0.0389520244738 
1 -0.13871298413 -0.121117606418 -0.158757609984 -0.151184553564 0.339295661179 
0 -0.127553796546 -0.0818828841139 -0.145219251757 -0.0845572704012 0.849102209228 
0 -0.0742376780916 -0.0831089691859 -0.0925700808766 -0.095661817595 0.165672572361 
0 -0.0754775878231 -0.0867872244019 -0.0985871289773 -0.0942737491958 0.00359646033965 
0 -0.0853968656752 -0.0806567990419 -0.086553032776 -0.0942737491958 0.143730495524 
0 -0.106475331111 -0.114987181058 -0.145219251757 -0.148408416765 1.05897415436 
0 -0.126313886815 -0.132152372066 -0.148227775808 -0.151184553564 0.0915058138212 
0 -0.133753345204 -0.132152372066 -0.157253347959 -0.134527732773 0.0483409954281 
0 -0.121354247889 -0.11621326613 -0.134689417581 -0.130363527576 0.0057873769469 
0 -0.115154699231 -0.127248031778 -0.146723513782 -0.147020348366 -0.082418173415 
0 -0.133753345204 -0.141961052642 -0.149732037833 -0.147020348366 -0.140124848173 
0 -0.133753345204 -0.145639307858 -0.16928744416 -0.172005579552 -0.042361071497 
0 -0.153591900908 -0.160352328722 -0.202381208713 -0.201155015936 0.243473619607 
1 -0.179630005269 -0.18364794509 -0.200876946688 -0.191438537141 -0.0183738257241 
0 -0.169710727417 -0.160352328722 -0.187338588462 -0.166453305955 -0.0458308063815 
0 -0.137473074398 -0.139508882498 -0.161766134034 -0.165065237556 -0.00420339084368 
0 -0.148632261982 -0.155447988434 -0.182825802386 -0.180333989947 -0.112437492165 
0 -0.17219054688 -0.17751751973 -0.196364160613 -0.191438537141 -0.154050803089 
0 -0.165990998223 -0.162804498866 -0.184330064411 -0.177557853149 -0.179725900926 
0 -0.152351991176 -0.162804498866 -0.185834326437 -0.187274331944 -0.160534223693 
0 -0.170950637149 -0.173839264514 -0.197868422638 -0.196990810738 -0.15046352976 
0 -0.174670366343 -0.18364794509 -0.211406780864 -0.208095357932 -0.0191072656183 
1 -0.178390095538 -0.18977837045 -0.22193661504 -0.220587973525 0.0933864289347 
0 -0.193269012316 -0.197134880882 -0.22193661504 -0.208095357932 -0.0919199812761 
0 -0.178390095538 -0.178743604802 -0.206893994789 -0.208095357932 0.0344385482014 
1 -0.179630005269 -0.187326200306 -0.205389732764 -0.199766947537 -0.200652445602 
0 -0.175910276075 -0.133378457138 -0.194859898588 -0.142856143169 0.560371370849 
0 -0.115154699231 -0.124795861634 -0.160261872009 -0.163677169157 0.332290369881 
0 -0.143672623056 -0.149317563074 -0.17530449226 -0.167841374354 -0.0272362244465 
0 -0.14739235225 -0.138282797426 -0.160261872009 -0.156736827161 0.0521445394952 
0 -0.132513435472 -0.139508882498 -0.16928744416 -0.172005579552 -0.0977310819769 
0 -0.151112081445 -0.160352328722 -0.196364160613 -0.190050468742 0.00972726560973 
0 -0.173430456612 -0.184874030162 -0.212911042889 -0.21087149473 -0.0114343559552 
0 -0.193269012316 -0.192230540594 -0.227953663141 -0.226140247122 -0.0714965011433 
0 -0.203188290168 -0.204491391314 -0.229457925166 -0.220587973525 -0.157924870223 
0 -0.193269012316 -0.206943561458 -0.249013331493 -0.244185136312 0.158577951845 
0 -0.215587387483 -0.22656092261 -0.270072999846 -0.262230025501 0.142588021842 
0 -0.235425943187 -0.233917433042 -0.276090047946 -0.271946504296 -0.0401137364364 
0 -0.247825040502 -0.248630453906 -0.286619882122 -0.269170367498 -0.13153984018 
0 -0.235425943187 -0.23269134797 -0.271577261871 -0.252513546707 -0.114835276434 
1 -0.231706213993 -0.236369603186 -0.292636930223 -0.287215256687 -0.110585086278 
1 -0.257744318354 -0.242500028546 -0.294141192248 -0.260841957102 -0.125545379506 
0 -0.223026845872 -0.213073986818 -0.256534641619 -0.227528315521 0.0629016579445 
1 -0.195748831779 -0.209395731602 -0.239987759342 -0.227528315521 -0.110063215584 
0 -0.204428199899 -0.20203922117 -0.233970711242 -0.223364110323 -0.137684750064 
0 -0.18830937339 -0.19590879581 -0.21892809099 -0.219199905126 -0.080810247493 
1 -0.179630005269 -0.193456625666 -0.217423828965 -0.21087149473 -0.159325928482 
0 -0.187069463658 -0.182421860018 -0.217423828965 -0.19282660554 0.0471656109821 
0 -0.125073977083 -0.132152372066 -0.166278920109 -0.162289100758 0.600226306642 
0 -0.157311630102 -0.16525666901 -0.209902518839 -0.206707289533 0.0515568472722 
0 -0.193269012316 -0.20203922117 -0.241492021368 -0.235856725916 -0.0373445306817 
0 -0.210627748557 -0.209395731602 -0.277594309971 -0.263618093901 0.0215610362116 
0 -0.230466304261 -0.236369603186 -0.283611358072 -0.274722641094 -0.0618348409975 
0 -0.245345221039 -0.24495219869 -0.283611358072 -0.262230025501 -0.116997983815 
0 -0.232946123724 -0.219204412178 -0.264055951745 -0.248349341509 -0.100547303109 
0 -0.223026845872 -0.22656092261 -0.277594309971 -0.270558435897 -0.0583039861219 
1 -0.241625491845 -0.253534794194 -0.289628406173 -0.281662983091 -0.0950276977512 
0 -0.251544769697 -0.23882177333 -0.292636930223 -0.252513546707 -0.102822847397 
0 -0.235425943187 -0.246178283762 -0.280602834022 -0.271946504296 -0.208988272093 
0 -0.236665852919 -0.248630453906 -0.288124144148 -0.281662983091 -0.121408026256 
0 -0.247825040502 -0.253534794194 -0.292636930223 -0.281662983091 -0.161150125143 
0 -0.245345221039 -0.253534794194 -0.291132668198 -0.28305105149 -0.166237189025 
0 -0.252784679428 -0.260891304626 -0.319713646676 -0.309424351075 -0.0563434448661 
1 -0.276342964327 -0.280508665778 -0.319713646676 -0.302484009079 -0.199792064188 
0 -0.282542512984 -0.25721304941 -0.327234956802 -0.276110709494 0.00379392492657 
0 -0.244105311308 -0.253534794194 -0.319713646676 -0.312200487873 -0.086028954433 
0 -0.272623235132 -0.27560432549 -0.337764790978 -0.326081171866 -0.115667448622 
0 -0.296181520031 -0.297673856786 -0.360328721355 -0.345514129455 -0.0760240820291 
0 -0.307340707614 -0.313612962722 -0.381388389707 -0.356618676649 -0.101285444541 
1 -0.31230034654 -0.31851730301 -0.369354293506 -0.35384253985 -0.170694246844 
1 -0.31230034654 -0.303804282146 -0.36183298338 -0.344126061056 -0.0914075136577 
0 -0.296181520031 -0.265795644914 -0.346790363129 -0.288603325087 0.166095710761 
0 -0.251544769697 -0.254760879266 -0.304671026424 -0.270558435897 -0.0212135545455 
0 -0.250304859965 -0.25721304941 -0.300158240349 -0.280274914691 -0.137021833236 
0 -0.25402458916 -0.264569559842 -0.3152008606 -0.298319803881 -0.126955840841 
1 -0.276342964327 -0.28786517621 -0.346790363129 -0.337185719059 0.170566873194 
0 -0.291221881105 -0.258439134482 -0.337764790978 -0.281662983091 0.374627717624 
1 -0.265183776743 -0.265795644914 -0.319713646676 -0.308036282676 -0.0046923507732 
0 -0.267663596206 -0.255986964338 -0.319713646676 -0.276110709494 0.0310910532993 
1 -0.239145672382 -0.242500028546 -0.280602834022 -0.274722641094 0.00593782615598 
0 -0.240385582113 -0.240047858402 -0.285115620097 -0.255289683505 -0.0102072545936 
1 -0.219307116678 -0.225334837538 -0.258038903644 -0.244185136312 -0.0756808697708 
0 -0.227986484798 -0.22656092261 -0.26856873782 -0.245573204711 -0.0833725855851 
0 -0.205668109631 -0.204491391314 -0.244500545418 -0.231692520719 0.0100093578768 
1 -0.205668109631 -0.20816964653 -0.246004807443 -0.231692520719 -0.127816222255 
0 -0.203188290168 -0.192230540594 -0.244500545418 -0.202543084335 0.0797707755128 
0 -0.168470817686 -0.176291434658 -0.196364160613 -0.190050468742 0.000192546984174 
0 -0.17219054688 -0.178743604802 -0.197868422638 -0.188662400343 -0.141902029456 
0 -0.167230907954 -0.178743604802 -0.212911042889 -0.213647631529 -0.0506592856854 
0 -0.190789192853 -0.181195774946 -0.214415304915 -0.199766947537 -0.114835276434 
0 -0.183349734464 -0.184874030162 -0.211406780864 -0.196990810738 -0.135418608852 
0 -0.169710727417 -0.18364794509 -0.212911042889 -0.199766947537 -0.186919253736 
1 -0.184589644195 -0.197134880882 -0.229457925166 -0.227528315521 -0.172673594251 
0 -0.198228651242 -0.193456625666 -0.238483497317 -0.202543084335 -0.127708086886 
0 -0.178390095538 -0.187326200306 -0.21892809099 -0.205319221133 -0.213158536107 
0 -0.183349734464 -0.193456625666 -0.220432353015 -0.21087149473 -0.154699615303 
0 -0.187069463658 -0.198360965954 -0.224945139091 -0.224752178723 -0.183562355758 
0 -0.206908019362 -0.206943561458 -0.259543165669 -0.255289683505 0.106466107049 
0 -0.235425943187 -0.236369603186 -0.277594309971 -0.269170367498 0.0690371647524 
0 -0.235425943187 -0.231465262898 -0.26856873782 -0.258065820304 -0.034011140393 
0 -0.223026845872 -0.227787007682 -0.276090047946 -0.262230025501 -0.145047358233 
0 -0.244105311308 -0.235143518114 -0.277594309971 -0.256677751905 -0.155733953616 
0 -0.232946123724 -0.241273943474 -0.280602834022 -0.267782299098 -0.210845379517 
0 -0.239145672382 -0.24495219869 -0.286619882122 -0.271946504296 -0.2213204057 
0 -0.247825040502 -0.255986964338 -0.31219233655 -0.305260145877 -0.00956314391722 
0 -0.272623235132 -0.279282580706 -0.336260528953 -0.30109594068 -0.164939564596 
0 -0.26270395728 -0.270699985202 -0.3091838125 -0.30109594068 -0.218132763082 
0 -0.272623235132 -0.254760879266 -0.316705122626 -0.285827188288 -0.135131815047 
0 -0.260224137817 -0.262117389698 -0.300158240349 -0.289991393486 -0.232331407189 
0 -0.25402458916 -0.262117389698 -0.303166764399 -0.291379461885 -0.228015395504 
0 -0.252784679428 -0.265795644914 -0.306175288449 -0.289991393486 -0.197511818363 
0 -0.270143415669 -0.27560432549 -0.324226432751 -0.305260145877 -0.150623382045 
0 -0.282542512984 -0.264569559842 -0.324226432751 -0.291379461885 -0.186679475309 
0 -0.270143415669 -0.26947390013 -0.310688074525 -0.296931735482 -0.236153757408 
1 -0.260224137817 -0.265795644914 -0.304671026424 -0.289991393486 -0.250258370759 
0 -0.252784679428 -0.255986964338 -0.292636930223 -0.274722641094 -0.203586205179 
0 -0.236665852919 -0.248630453906 -0.285115620097 -0.271946504296 -0.240925818258 
0 -0.242865401576 -0.252308709122 -0.288124144148 -0.277498777893 -0.199947214935 
0 -0.252784679428 -0.265795644914 -0.325730694777 -0.298319803881 -0.0422858468925 
0 -0.267663596206 -0.264569559842 -0.313696598575 -0.28305105149 -0.223323260796 
0 -0.258984228086 -0.268247815058 -0.3091838125 -0.29970787228 -0.261965199841 
1 -0.266423686475 -0.264569559842 -0.31219233655 -0.296931735482 -0.129964825023 
0 -0.25402458916 -0.23882177333 -0.292636930223 -0.252513546707 0.123781870707 
0 -0.218067206946 -0.230239177826 -0.286619882122 -0.280274914691 0.0410442087876 
0 -0.245345221039 -0.252308709122 -0.283611358072 -0.273334572695 -0.180149039327 
0 -0.241625491845 -0.254760879266 -0.294141192248 -0.284439119889 -0.179970380891 
0 -0.251544769697 -0.259665219554 -0.286619882122 -0.277498777893 -0.252580930424 
0 -0.244105311308 -0.254760879266 -0.283611358072 -0.270558435897 -0.216868049418 
0 -0.23790576265 -0.24495219869 -0.283611358072 -0.262230025501 -0.156528513501 
0 -0.244105311308 -0.255986964338 -0.294141192248 -0.285827188288 -0.0373492322195 
0 -0.255264498891 -0.267021729986 -0.304671026424 -0.291379461885 -0.203463965197 
0 -0.261464047549 -0.26334347477 -0.298653978324 -0.280274914691 -0.23084572125 
0 -0.250304859965 -0.26334347477 -0.303166764399 -0.295543667083 -0.21573968035 
0 -0.266423686475 -0.274378240418 -0.3091838125 -0.298319803881 -0.206219066338 
0 -0.267663596206 -0.273152155346 -0.3091838125 -0.298319803881 -0.216111101835 
0 -0.263943867012 -0.27560432549 -0.3091838125 -0.29970787228 -0.215025046607 
0 -0.267663596206 -0.270699985202 -0.31219233655 -0.303872077478 -0.22936003531 
0 -0.270143415669 -0.274378240418 -0.321217908701 -0.292767530284 -0.147083124093 
0 -0.260224137817 -0.270699985202 -0.313696598575 -0.305260145877 -0.195532470956 
1 -0.276342964327 -0.28173475085 -0.324226432751 -0.312200487873 -0.155103947553 
0 -0.283782422716 -0.280508665778 -0.333252004902 -0.302484009079 -0.181846294467 
0 -0.267663596206 -0.274378240418 -0.3152008606 -0.296931735482 -0.195602994022 
0 -0.265183776743 -0.273152155346 -0.31219233655 -0.294155598684 -0.208499312163 
0 -0.261464047549 -0.267021729986 -0.307679550475 -0.289991393486 -0.182777198948 
0 -0.252784679428 -0.26334347477 -0.297149716298 -0.287215256687 -0.17772304583 
0 -0.25402458916 -0.264569559842 -0.298653978324 -0.291379461885 -0.224004983774 
0 -0.26270395728 -0.273152155346 -0.318209384651 -0.309424351075 -0.180102023949 
0 -0.275103054595 -0.284186920994 -0.319713646676 -0.306648214277 -0.237836907934 
0 -0.267663596206 -0.279282580706 -0.318209384651 -0.305260145877 -0.225800971208 
0 -0.267663596206 -0.27560432549 -0.3152008606 -0.302484009079 -0.0713225442452 
0 -0.272623235132 -0.284186920994 -0.319713646676 -0.312200487873 -0.163787687839 
0 -0.280062693521 -0.285413006066 -0.324226432751 -0.310812419474 -0.196557406192 
0 -0.27882278379 -0.284186920994 -0.319713646676 -0.309424351075 -0.22479954366 
0 -0.275103054595 -0.284186920994 -0.318209384651 -0.310812419474 -0.245956463687 
0 -0.275103054595 -0.286639091138 -0.325730694777 -0.316364693071 -0.194131412696 
0 -0.280062693521 -0.291543431426 -0.334756266928 -0.321916966668 -0.197445996834 
0 -0.291221881105 -0.301352112002 -0.35882445933 -0.344126061056 -0.00891903324084 
1 -0.31230034654 -0.311160792578 -0.360328721355 -0.33579765066 -0.209975595027 
1 -0.307340707614 -0.31238687765 -0.370858555531 -0.352454471451 -0.130942744882 
0 -0.247825040502 -0.23882177333 -0.295645454273 -0.252513546707 1.38364354756 
0 -0.218067206946 -0.20816964653 -0.288124144148 -0.277498777893 0.929912240656 
1 -0.245345221039 -0.241273943474 -0.289628406173 -0.263618093901 0.133744429271 
0 -0.235425943187 -0.22043049725 -0.267064475795 -0.244185136312 0.189758550427 
0 -0.203188290168 -0.213073986818 -0.242996283393 -0.241408999513 -0.0453559510653 
1 -0.221786936141 -0.224108752466 -0.26856873782 -0.24696127311 -0.067979750881 
0 -0.223026845872 -0.205717476386 -0.253526117569 -0.224752178723 0.0827092366277 
0 -0.200708470705 -0.200813136098 -0.244500545418 -0.233080589118 0.185362612599 
0 -0.21310756802 -0.21430007189 -0.255030379594 -0.234468657517 -0.0504618210985 
0 -0.209387838825 -0.215526156962 -0.250517593519 -0.226140247122 -0.0744490668715 
0 -0.199468560973 -0.204491391314 -0.244500545418 -0.242797067912 -0.124656788865 
0 -0.219307116678 -0.225334837538 -0.253526117569 -0.242797067912 -0.169655206993 
0 -0.21310756802 -0.225334837538 -0.250517593519 -0.240020931114 -0.192011019155 
0 -0.211867658288 -0.222882667394 -0.261047427695 -0.240020931114 -0.155663430549 
0 -0.22922639453 -0.231465262898 -0.259543165669 -0.255289683505 -0.233826496205 
0 -0.226746575067 -0.233917433042 -0.274585785921 -0.266394230699 -0.139950891275 
1 -0.246585130771 -0.25721304941 -0.300158240349 -0.288603325087 -0.0419943515499 
0 -0.258984228086 -0.242500028546 -0.297149716298 -0.256677751905 -0.133453366058 
0 -0.221786936141 -0.230239177826 -0.292636930223 -0.285827188288 -0.109386194143 
1 -0.261464047549 -0.270699985202 -0.324226432751 -0.313588556273 -0.154563270707 
0 -0.283782422716 -0.26334347477 -0.325730694777 -0.280274914691 -0.20091103018 
0 -0.247825040502 -0.241273943474 -0.288124144148 -0.266394230699 -0.166928315079 
0 -0.236665852919 -0.24495219869 -0.282107096047 -0.276110709494 -0.217404024726 
1 -0.239145672382 -0.246178283762 -0.285115620097 -0.274722641094 -0.210920604122 
1 -0.245345221039 -0.224108752466 -0.279098571997 -0.238632862715 -0.0221444590267 
0 -0.210627748557 -0.217978327106 -0.250517593519 -0.231692520719 -0.0883703202493 
1 -0.192029102584 -0.204491391314 -0.247509069468 -0.238632862715 0.0187401135413 
0 -0.223026845872 -0.21430007189 -0.256534641619 -0.227528315521 -0.0839696808837 
0 -0.206908019362 -0.216752242034 -0.250517593519 -0.241408999513 -0.16847512101 
1 -0.221786936141 -0.231465262898 -0.282107096047 -0.277498777893 -0.111906218395 
0 -0.251544769697 -0.237595688258 -0.298653978324 -0.267782299098 -0.103419942695 
0 -0.235425943187 -0.23269134797 -0.270072999846 -0.252513546707 -0.176589975225 
0 -0.235425943187 -0.229013092754 -0.277594309971 -0.249737409909 -0.120787423269 
0 -0.227986484798 -0.22043049725 -0.270072999846 -0.252513546707 -0.121182352442 
0 -0.224266755604 -0.22656092261 -0.267064475795 -0.263618093901 -0.209054093622 
0 -0.227986484798 -0.237595688258 -0.282107096047 -0.277498777893 -0.170792979137 
0 -0.244105311308 -0.243726113618 -0.280602834022 -0.276110709494 -0.210981724113 
1 -0.241625491845 -0.249856538978 -0.294141192248 -0.288603325087 -0.169062813233 
0 -0.263943867012 -0.262117389698 -0.303166764399 -0.278886846292 -0.253563551821 
0 -0.240385582113 -0.243726113618 -0.277594309971 -0.263618093901 -0.232514767163 
0 -0.239145672382 -0.243726113618 -0.291132668198 -0.2650061623 -0.17547571077 
0 -0.240385582113 -0.249856538978 -0.300158240349 -0.280274914691 -0.100340435447 
1 -0.244105311308 -0.242500028546 -0.285115620097 -0.269170367498 -0.0929543195885 
0 -0.26270395728 -0.246178283762 -0.304671026424 -0.260841957102 -0.0492018089725 
0 -0.235425943187 -0.248630453906 -0.282107096047 -0.277498777893 -0.204723977323 
0 -0.255264498891 -0.255986964338 -0.292636930223 -0.278886846292 -0.252510407357 
0 -0.250304859965 -0.254760879266 -0.285115620097 -0.276110709494 -0.234719788384 
0 -0.242865401576 -0.253534794194 -0.285115620097 -0.278886846292 -0.243629202484 
0 -0.249064950234 -0.25721304941 -0.289628406173 -0.28305105149 -0.257484634333 
0 -0.256504408623 -0.260891304626 -0.31219233655 -0.302484009079 -0.108149689706 
0 -0.270143415669 -0.276830410562 -0.310688074525 -0.295543667083 -0.24584362678 
0 -0.263943867012 -0.265795644914 -0.303166764399 -0.28305105149 -0.212194720861 
1 -0.252784679428 -0.26334347477 -0.327234956802 -0.310812419474 -0.0649284528593 
0 -0.280062693521 -0.280508665778 -0.322722170726 -0.308036282676 -0.206961909308 
0 -0.247825040502 -0.260891304626 -0.318209384651 -0.285827188288 -0.0665128710924 
0 -0.273863144864 -0.282960835922 -0.331747742877 -0.309424351075 -0.0793715769311 
0 -0.271383325401 -0.273152155346 -0.313696598575 -0.295543667083 -0.185109161689 
0 -0.271383325401 -0.280508665778 -0.324226432751 -0.308036282676 -0.20095334402 
0 -0.277582874058 -0.285413006066 -0.328739218827 -0.313588556273 -0.20451710966 
0 -0.282542512984 -0.28786517621 -0.324226432751 -0.314976624672 -0.2335397024 
1 -0.282542512984 -0.290317346354 -0.334756266928 -0.320528898269 -0.206388321698 
0 -0.285022332447 -0.286639091138 -0.330243480852 -0.309424351075 -0.211310831758 
0 -0.271383325401 -0.280508665778 -0.316705122626 -0.303872077478 -0.207676543051 
0 -0.272623235132 -0.282960835922 -0.325730694777 -0.314976624672 -0.151610704979 
0 -0.281302603253 -0.291543431426 -0.330243480852 -0.312200487873 -0.222773180875 
0 -0.27882278379 -0.290317346354 -0.348294625154 -0.33579765066 0.0174706983396 
0 -0.302381068688 -0.305030367218 -0.351303149204 -0.334409582261 -0.148376046984 
0 -0.297421429762 -0.308708622434 -0.349798887179 -0.33579765066 -0.201240137825 
0 -0.299901249225 -0.308708622434 -0.349798887179 -0.331633445463 -0.211423668665 
0 -0.294941610299 -0.307482537362 -0.346790363129 -0.333021513862 -0.187417616741 
0 -0.298661339494 -0.309934707506 -0.360328721355 -0.346902197854 -0.105300557809 
0 -0.309820527077 -0.320969473154 -0.369354293506 -0.355230608249 -0.157614568729 
0 -0.313540256272 -0.31238687765 -0.363337245406 -0.346902197854 -0.156401571981 
0 -0.31230034654 -0.31851730301 -0.36183298338 -0.348290266253 -0.24989635235 
0 -0.309820527077 -0.316065132866 -0.360328721355 -0.346902197854 -0.243478753275 
0 -0.309820527077 -0.311160792578 -0.357320197305 -0.337185719059 -0.262341322863 
0 -0.299901249225 -0.309934707506 -0.349798887179 -0.334409582261 -0.239999615315 
0 -0.301141158957 -0.311160792578 -0.35581593528 -0.342737992656 -0.251570099801 
0 -0.308580617346 -0.313612962722 -0.35581593528 -0.341349924257 -0.270780583185 
0 -0.299901249225 -0.302578197074 -0.349798887179 -0.333021513862 -0.177600805848 
1 -0.293701700568 -0.305030367218 -0.346790363129 -0.331633445463 -0.211113367171 
1 -0.294941610299 -0.291543431426 -0.339269053003 -0.313588556273 -0.0906035506966 
0 -0.277582874058 -0.28786517621 -0.330243480852 -0.310812419474 -0.070763061249 
0 -0.250304859965 -0.25721304941 -0.334756266928 -0.326081171866 0.574231504235 
0 -0.289981971373 -0.298899941858 -0.354311673255 -0.342737992656 -0.0489573290077 
0 -0.309820527077 -0.316065132866 -0.364841507431 -0.352454471451 -0.164431798516 
0 -0.318499895198 -0.322195558226 -0.367850031481 -0.352454471451 -0.228584281576 
0 -0.314780166003 -0.31851730301 -0.363337245406 -0.348290266253 -0.247808869574 
0 -0.311060436809 -0.313612962722 -0.36183298338 -0.341349924257 -0.229035629203 
0 -0.301141158957 -0.307482537362 -0.349798887179 -0.33579765066 -0.215575126528 
0 -0.297421429762 -0.309934707506 -0.354311673255 -0.341349924257 -0.277273406865 
0 -0.30362097842 -0.31238687765 -0.357320197305 -0.345514129455 -0.171032757564 
0 -0.308580617346 -0.319743388082 -0.364841507431 -0.351066403052 -0.174991452378 
0 -0.31230034654 -0.322195558226 -0.364841507431 -0.348290266253 -0.260836830773 
0 -0.309820527077 -0.322195558226 -0.367850031481 -0.355230608249 -0.186152903077 
0 -0.318499895198 -0.328325983586 -0.367850031481 -0.355230608249 -0.259398160211 
0 -0.314780166003 -0.325873813442 -0.366345769456 -0.351066403052 -0.244842199232 
1 -0.316020075735 -0.325873813442 -0.370858555531 -0.358006745048 -0.194502834181 
0 -0.320979714661 -0.311160792578 -0.372362817557 -0.337185719059 -0.121563177003 
0 -0.301141158957 -0.313612962722 -0.35882445933 -0.346902197854 -0.215546917301 
0 -0.314780166003 -0.323421643298 -0.367850031481 -0.355230608249 -0.220121513565 
0 -0.316020075735 -0.32464772837 -0.366345769456 -0.352454471451 -0.230643555125 
0 -0.313540256272 -0.322195558226 -0.364841507431 -0.352454471451 -0.225570595856 
0 -0.314780166003 -0.320969473154 -0.367850031481 -0.35384253985 -0.203036125258 
0 -0.316020075735 -0.32464772837 -0.367850031481 -0.349678334652 -0.224442226788 
0 -0.311060436809 -0.322195558226 -0.366345769456 -0.35384253985 -0.213459434525 
0 -0.317259985466 -0.327099898514 -0.388909699833 -0.374663565838 0.0121297514172 
0 -0.333378811976 -0.344265089522 -0.393422485909 -0.378827771036 -0.161451023561 
0 -0.342058180096 -0.351621599954 -0.426516250462 -0.401036865424 0.00681701372155 
0 -0.363136645532 -0.363882450674 -0.422003464387 -0.40658913902 -0.122188481528 
1 -0.360656826069 -0.363882450674 -0.422003464387 -0.402424933823 -0.173049717273 
0 -0.359416916337 -0.351621599954 -0.418994940337 -0.384380044633 -0.121487952398 
1 -0.338338450902 -0.345491174594 -0.403952320085 -0.380215839435 -0.176284375269 
0 -0.335858631439 -0.327099898514 -0.390413961858 -0.355230608249 0.100434034073 
0 -0.318499895198 -0.325873813442 -0.373867079582 -0.355230608249 -0.158272784019 
0 -0.314780166003 -0.311160792578 -0.364841507431 -0.345514129455 0.0694697062285 
0 -0.30362097842 -0.30625645229 -0.351303149204 -0.341349924257 -0.0984269095689 
0 -0.302381068688 -0.309934707506 -0.36183298338 -0.337185719059 -0.158479651681 
1 -0.299901249225 -0.309934707506 -0.352807411229 -0.337185719059 -0.238448107846 
0 -0.304860888151 -0.30625645229 -0.36183298338 -0.330245377063 -0.0723098671798 
0 -0.291221881105 -0.295221686642 -0.345286101104 -0.31775276147 -0.0169445582378 
0 -0.281302603253 -0.289091261282 -0.331747742877 -0.310812419474 -0.136777353271 
0 -0.273863144864 -0.285413006066 -0.321217908701 -0.310812419474 -0.198800039715 
1 -0.277582874058 -0.289091261282 -0.339269053003 -0.330245377063 -0.197540027589 
0 -0.289981971373 -0.282960835922 -0.333252004902 -0.306648214277 -0.0068691627671 
1 -0.271383325401 -0.280508665778 -0.324226432751 -0.303872077478 -0.167168093506 
0 -0.277582874058 -0.27560432549 -0.340773315028 -0.295543667083 -0.0488162828742 
0 -0.263943867012 -0.27560432549 -0.321217908701 -0.313588556273 -0.127421293082 
1 -0.286262242179 -0.291543431426 -0.340773315028 -0.331633445463 -0.188654121178 
0 -0.297421429762 -0.291543431426 -0.346790363129 -0.321916966668 -0.167210407346 
0 -0.280062693521 -0.292769516498 -0.337764790978 -0.321916966668 -0.224122522219 
0 -0.285022332447 -0.292769516498 -0.345286101104 -0.324693103466 -0.163397460203 
0 -0.289981971373 -0.291543431426 -0.336260528953 -0.326081171866 -0.206863177014 
0 -0.28750215191 -0.297673856786 -0.340773315028 -0.327469240265 -0.222303027097 
0 -0.301141158957 -0.307482537362 -0.349798887179 -0.330245377063 -0.22745121097 
0 -0.292461790836 -0.30012602693 -0.354311673255 -0.339961855858 -0.129955421947 
1 -0.293701700568 -0.289091261282 -0.340773315028 -0.324693103466 -0.0413314347224 
1 -0.288742061642 -0.285413006066 -0.342277577053 -0.305260145877 -0.123443792116 
0 -0.263943867012 -0.243726113618 -0.3091838125 -0.262230025501 0.309248133202 
0 -0.230466304261 -0.242500028546 -0.279098571997 -0.269170367498 -0.0339406173262 
0 -0.235425943187 -0.243726113618 -0.277594309971 -0.267782299098 -0.0701612644127 
0 -0.236665852919 -0.243726113618 -0.276090047946 -0.259453888703 -0.137388553183 
0 -0.230466304261 -0.23269134797 -0.267064475795 -0.256677751905 -0.0539362575207 
0 -0.226746575067 -0.236369603186 -0.271577261871 -0.267782299098 -0.136161451822 
0 -0.235425943187 -0.235143518114 -0.276090047946 -0.249737409909 -0.0736451039104 
0 -0.223026845872 -0.236369603186 -0.277594309971 -0.263618093901 -0.0906787753012 
0 -0.230466304261 -0.241273943474 -0.277594309971 -0.259453888703 -0.202838660672 
0 -0.225506665335 -0.231465262898 -0.273081523896 -0.244185136312 -0.105493320858 
0 -0.219307116678 -0.22043049725 -0.256534641619 -0.24696127311 0.0836542457222 
0 -0.220547026409 -0.22656092261 -0.252021855544 -0.242797067912 -0.143904884552 
0 -0.21310756802 -0.213073986818 -0.241492021368 -0.233080589118 -0.100128866247 
0 -0.206908019362 -0.216752242034 -0.258038903644 -0.248349341509 -0.109720003326 
0 -0.225506665335 -0.235143518114 -0.26556021377 -0.255289683505 -0.199608704214 
1 -0.230466304261 -0.236369603186 -0.26556021377 -0.256677751905 -0.218706350692 
0 -0.232946123724 -0.20816964653 -0.264055951745 -0.220587973525 0.0057591677202 
0 -0.198228651242 -0.204491391314 -0.229457925166 -0.226140247122 -0.116339768525 
0 -0.19698874151 -0.20203922117 -0.226449401116 -0.223364110323 -0.104468385621 
0 -0.201948380436 -0.213073986818 -0.233970711242 -0.227528315521 -0.226040749635 
0 -0.203188290168 -0.215526156962 -0.250517593519 -0.241408999513 -0.0892495078149 
1 -0.210627748557 -0.216752242034 -0.244500545418 -0.242797067912 -0.198254661332 
0 -0.209387838825 -0.199587051026 -0.235474973267 -0.208095357932 0.067457448057 
0 -0.182109824732 -0.194682710738 -0.21892809099 -0.203931152734 -0.121643103145 
0 -0.182109824732 -0.192230540594 -0.217423828965 -0.215035699928 -0.177737150444 
0 -0.190789192853 -0.20203922117 -0.224945139091 -0.224752178723 -0.122052136932 
0 -0.200708470705 -0.199587051026 -0.227953663141 -0.21087149473 -0.153937966182 
0 -0.190789192853 -0.198360965954 -0.235474973267 -0.206707289533 0.038665230669 
0 -0.193269012316 -0.203265306242 -0.22193661504 -0.21225956313 -0.178705667227 
0 -0.189549283121 -0.200813136098 -0.229457925166 -0.224752178723 -0.213812049859 
0 -0.209387838825 -0.217978327106 -0.249013331493 -0.238632862715 -0.117566869887 
0 -0.205668109631 -0.217978327106 -0.261047427695 -0.235856725916 -0.17609161222 
0 -0.208147929094 -0.204491391314 -0.252021855544 -0.217811836726 -0.13137058482 
1 -0.19698874151 -0.197134880882 -0.226449401116 -0.21087149473 -0.0684122923571 
0 -0.189549283121 -0.175065349586 -0.214415304915 -0.181722058347 0.133203752426 
0 -0.159791449565 -0.166482754082 -0.22193661504 -0.181722058347 0.620297171441 
0 -0.168470817686 -0.164030583938 -0.190347112512 -0.17616978475 0.0175600275575 
0 -0.153591900908 -0.166482754082 -0.184330064411 -0.178945921548 -0.111215092341 
0 -0.162271269028 -0.176291434658 -0.197868422638 -0.196990810738 -0.137915125415 
0 -0.173430456612 -0.179969689874 -0.206893994789 -0.196990810738 -0.103269493486 
1 -0.180869915001 -0.175065349586 -0.202381208713 -0.201155015936 -0.140341118911 
0 -0.193269012316 -0.178743604802 -0.226449401116 -0.184498195145 -0.107138859082 
0 -0.169710727417 -0.179969689874 -0.202381208713 -0.196990810738 -0.14897784382 
0 -0.175910276075 -0.184874030162 -0.220432353015 -0.199766947537 -0.106311388432 
0 -0.170950637149 -0.176291434658 -0.206893994789 -0.181722058347 -0.121389220105 
0 -0.159791449565 -0.162804498866 -0.178313016311 -0.169229442754 -0.0641056837471 
0 -0.154831810639 -0.155447988434 -0.178313016311 -0.180333989947 -0.0677117632273 
0 -0.161031359297 -0.167708839154 -0.182825802386 -0.177557853149 -0.191352803866 
0 -0.156071720371 -0.168934924226 -0.187338588462 -0.178945921548 -0.185367746267 
0 -0.159791449565 -0.168934924226 -0.182825802386 -0.181722058347 -0.210981724113 
0 -0.159791449565 -0.172613179442 -0.187338588462 -0.183110126746 -0.238180120192 
0 -0.158551539834 -0.156674073506 -0.182825802386 -0.180333989947 -0.106193849988 
0 -0.16351117876 -0.16525666901 -0.187338588462 -0.173393647951 -0.178677458001 
0 -0.148632261982 -0.162804498866 -0.17530449226 -0.17616978475 -0.2791070066 
0 -0.157311630102 -0.166482754082 -0.179817278336 -0.174781716351 -0.274927339511 
0 -0.151112081445 -0.160352328722 -0.17229596821 -0.172005579552 -0.193548422011 
0 -0.153591900908 -0.167708839154 -0.190347112512 -0.190050468742 -0.174888018547 
0 -0.162271269028 -0.17138709437 -0.187338588462 -0.187274331944 -0.208593342919 
0 -0.164751088491 -0.178743604802 -0.199372684663 -0.201155015936 -0.201790217746 
0 -0.180869915001 -0.187326200306 -0.208398256814 -0.201155015936 -0.224202448361 
0 -0.179630005269 -0.192230540594 -0.21591956694 -0.216423768327 -0.184544977155 
0 -0.19698874151 -0.206943561458 -0.252021855544 -0.240020931114 0.00850956732372 
0 -0.208147929094 -0.216752242034 -0.241492021368 -0.237244794316 -0.166053829051 
0 -0.209387838825 -0.215526156962 -0.236979235292 -0.226140247122 -0.218156270771 
0 -0.201948380436 -0.206943561458 -0.235474973267 -0.224752178723 -0.175795415339 
0 -0.209387838825 -0.213073986818 -0.236979235292 -0.234468657517 -0.250714419924 
0 -0.206908019362 -0.20816964653 -0.233970711242 -0.221976041924 -0.238786618567 
0 -0.200708470705 -0.209395731602 -0.226449401116 -0.223364110323 -0.276483548517 
0 -0.201948380436 -0.206943561458 -0.239987759342 -0.216423768327 -0.24187552889 
1 -0.195748831779 -0.203265306242 -0.230962187191 -0.226140247122 -0.234432994579 
0 -0.205668109631 -0.203265306242 -0.233970711242 -0.21225956313 -0.237216304947 
0 -0.18830937339 -0.187326200306 -0.21591956694 -0.199766947537 -0.179316867139 
0 -0.179630005269 -0.188552285378 -0.220432353015 -0.217811836726 -0.251114050636 
0 -0.199468560973 -0.20816964653 -0.233970711242 -0.22891638392 -0.237206901871 
0 -0.206908019362 -0.217978327106 -0.242996283393 -0.235856725916 -0.261866467547 
0 -0.210627748557 -0.210621816674 -0.236979235292 -0.231692520719 -0.266671439162 
0 -0.208147929094 -0.216752242034 -0.241492021368 -0.234468657517 -0.252167195099 
1 -0.214347477751 -0.22043049725 -0.242996283393 -0.240020931114 -0.290122709628 
0 -0.21310756802 -0.221656582322 -0.241492021368 -0.233080589118 -0.271551635382 
0 -0.193269012316 -0.194682710738 -0.223440877066 -0.216423768327 -0.136086227217 
0 -0.200708470705 -0.199587051026 -0.229457925166 -0.216423768327 -0.257357692813 
0 -0.193269012316 -0.204491391314 -0.229457925166 -0.22891638392 -0.258613003401 
0 -0.204428199899 -0.206943561458 -0.235474973267 -0.224752178723 -0.225457758949 
0 -0.205668109631 -0.216752242034 -0.255030379594 -0.249737409909 -0.143848466098 
0 -0.234186033456 -0.246178283762 -0.285115620097 -0.269170367498 -0.129268997431 
1 -0.240385582113 -0.243726113618 -0.273081523896 -0.258065820304 -0.244536599276 
0 -0.245345221039 -0.225334837538 -0.279098571997 -0.241408999513 -0.221804664091 
0 -0.224266755604 -0.230239177826 -0.264055951745 -0.248349341509 -0.254259379413 
1 -0.23790576265 -0.243726113618 -0.291132668198 -0.285827188288 -0.17220814201 
0 -0.260224137817 -0.258439134482 -0.340773315028 -0.278886846292 -0.110190157104 
1 -0.244105311308 -0.25721304941 -0.291132668198 -0.277498777893 -0.253831539475 
0 -0.257744318354 -0.25108262405 -0.294141192248 -0.270558435897 -0.280367018726 
0 -0.236665852919 -0.247404368834 -0.282107096047 -0.277498777893 -0.28555751644 
1 -0.240385582113 -0.253534794194 -0.283611358072 -0.269170367498 -0.287377011562 
0 -0.244105311308 -0.25108262405 -0.280602834022 -0.266394230699 -0.283263166001 
0 -0.223026845872 -0.23269134797 -0.270072999846 -0.263618093901 -0.26601792541 
0 -0.235425943187 -0.243726113618 -0.273081523896 -0.263618093901 -0.260921458453 
0 -0.225506665335 -0.229013092754 -0.261047427695 -0.241408999513 -0.221024208819 
0 -0.215587387483 -0.229013092754 -0.255030379594 -0.24696127311 -0.240389842951 
0 -0.219307116678 -0.224108752466 -0.253526117569 -0.235856725916 -0.236774360395 
0 -0.21310756802 -0.224108752466 -0.247509069468 -0.245573204711 -0.284744150403 
0 -0.21310756802 -0.225334837538 -0.252021855544 -0.244185136312 -0.2925581062 
0 -0.224266755604 -0.230239177826 -0.255030379594 -0.245573204711 -0.293084678432 
0 -0.215587387483 -0.229013092754 -0.255030379594 -0.242797067912 -0.275270551769 
0 -0.224266755604 -0.225334837538 -0.258038903644 -0.255289683505 -0.277621320661 
0 -0.241625491845 -0.25108262405 -0.282107096047 -0.277498777893 -0.183045186602 
0 -0.247825040502 -0.253534794194 -0.282107096047 -0.277498777893 -0.275731302472 
0 -0.245345221039 -0.253534794194 -0.279098571997 -0.274722641094 -0.287203054664 
0 -0.247825040502 -0.258439134482 -0.288124144148 -0.28305105149 -0.256671268296 
0 -0.255264498891 -0.255986964338 -0.291132668198 -0.278886846292 -0.290282561913 
0 -0.247825040502 -0.25721304941 -0.289628406173 -0.284439119889 -0.281697553919 
0 -0.257744318354 -0.26947390013 -0.328739218827 -0.320528898269 -0.163928733973 
0 -0.282542512984 -0.290317346354 -0.351303149204 -0.338573787459 -0.185880213885 
0 -0.297421429762 -0.30625645229 -0.348294625154 -0.328857308664 -0.192344828338 
0 -0.293701700568 -0.296447771714 -0.346790363129 -0.33579765066 -0.226341648053 
0 -0.294941610299 -0.290317346354 -0.339269053003 -0.31914082987 -0.246868562017 
0 -0.283782422716 -0.285413006066 -0.331747742877 -0.305260145877 -0.271316558493 
0 -0.275103054595 -0.273152155346 -0.3152008606 -0.294155598684 -0.256149397602 
0 -0.265183776743 -0.278056495634 -0.324226432751 -0.312200487873 -0.221936307149 
0 -0.271383325401 -0.284186920994 -0.322722170726 -0.309424351075 -0.269059820356 
0 -0.272623235132 -0.280508665778 -0.319713646676 -0.308036282676 -0.271213124661 
0 -0.275103054595 -0.282960835922 -0.318209384651 -0.305260145877 -0.289361060507 
0 -0.276342964327 -0.282960835922 -0.316705122626 -0.306648214277 -0.267987869742 
0 -0.271383325401 -0.271926070274 -0.31219233655 -0.302484009079 -0.231781327269 
0 -0.266423686475 -0.274378240418 -0.316705122626 -0.302484009079 -0.220229648934 
0 -0.267663596206 -0.26334347477 -0.306175288449 -0.292767530284 -0.158437337841 
0 -0.26270395728 -0.270699985202 -0.307679550475 -0.294155598684 -0.259539206344 
1 -0.260224137817 -0.262117389698 -0.298653978324 -0.280274914691 -0.200412667175 
0 -0.249064950234 -0.235143518114 -0.286619882122 -0.248349341509 -0.0529536361239 
0 -0.223026845872 -0.230239177826 -0.26255168972 -0.249737409909 -0.159255405416 
0 -0.239145672382 -0.241273943474 -0.274585785921 -0.260841957102 -0.221358018002 
0 -0.232946123724 -0.231465262898 -0.271577261871 -0.24696127311 -0.222373550163 
0 -0.225506665335 -0.231465262898 -0.270072999846 -0.2650061623 -0.242496131878 
0 -0.239145672382 -0.23882177333 -0.273081523896 -0.256677751905 -0.267216817545 
0 -0.22922639453 -0.237595688258 -0.285115620097 -0.280274914691 -0.24174858737 
0 -0.252784679428 -0.248630453906 -0.288124144148 -0.269170367498 -0.261316387627 
0 -0.240385582113 -0.248630453906 -0.283611358072 -0.266394230699 -0.261095415351 
0 -0.23790576265 -0.24495219869 -0.274585785921 -0.263618093901 -0.262045125983 
0 -0.231706213993 -0.231465262898 -0.267064475795 -0.258065820304 -0.178075661164 
0 -0.230466304261 -0.237595688258 -0.270072999846 -0.266394230699 -0.235556662109 
0 -0.23790576265 -0.24495219869 -0.274585785921 -0.260841957102 -0.267748091315 
1 -0.23790576265 -0.240047858402 -0.292636930223 -0.285827188288 -0.193087671308 
0 -0.255264498891 -0.248630453906 -0.291132668198 -0.263618093901 -0.248890223264 
0 -0.226746575067 -0.227787007682 -0.259543165669 -0.245573204711 -0.161098408227 
0 -0.218067206946 -0.229013092754 -0.258038903644 -0.244185136312 -0.259388757135 
0 -0.215587387483 -0.22656092261 -0.250517593519 -0.245573204711 -0.246153928274 
0 -0.210627748557 -0.20816964653 -0.247509069468 -0.242797067912 -0.108958354205 
0 -0.214347477751 -0.22656092261 -0.256534641619 -0.240020931114 -0.242162322695 
0 -0.214347477751 -0.227787007682 -0.264055951745 -0.252513546707 -0.238560944753 
0 -0.219307116678 -0.229013092754 -0.258038903644 -0.24696127311 -0.268208842018 
0 -0.218067206946 -0.229013092754 -0.256534641619 -0.249737409909 -0.283197344472 
0 -0.227986484798 -0.237595688258 -0.280602834022 -0.271946504296 -0.243516365577 
0 -0.235425943187 -0.241273943474 -0.276090047946 -0.2650061623 -0.257367095888 
0 -0.240385582113 -0.248630453906 -0.279098571997 -0.274722641094 -0.275660779405 
0 -0.250304859965 -0.254760879266 -0.285115620097 -0.277498777893 -0.276253173166 
0 -0.247825040502 -0.252308709122 -0.282107096047 -0.277498777893 -0.272280373738 
0 -0.23790576265 -0.240047858402 -0.274585785921 -0.258065820304 -0.236873092689 
1 -0.230466304261 -0.231465262898 -0.280602834022 -0.267782299098 -0.244221596245 
1 -0.239145672382 -0.233917433042 -0.276090047946 -0.256677751905 -0.218344332283 
0 -0.223026845872 -0.217978327106 -0.256534641619 -0.22891638392 -0.0266203229969 
0 -0.180869915001 -0.192230540594 -0.250517593519 -0.248349341509 0.39990318475 
0 -0.215587387483 -0.215526156962 -0.244500545418 -0.242797067912 -0.101191413786 
0 -0.208147929094 -0.22043049725 -0.247509069468 -0.241408999513 -0.202011190022 
0 -0.226746575067 -0.227787007682 -0.259543165669 -0.251125478308 -0.22301766084 
0 -0.218067206946 -0.221656582322 -0.255030379594 -0.244185136312 -0.147426336352 
0 -0.215587387483 -0.224108752466 -0.249013331493 -0.235856725916 -0.201070882465 
0 -0.208147929094 -0.219204412178 -0.239987759342 -0.238632862715 -0.240479172169 
0 -0.206908019362 -0.219204412178 -0.244500545418 -0.241408999513 -0.228311592384 
1 -0.218067206946 -0.225334837538 -0.255030379594 -0.249737409909 -0.221456750295 
0 -0.220547026409 -0.213073986818 -0.255030379594 -0.230304452319 -0.194385295736 
0 -0.205668109631 -0.211847901746 -0.235474973267 -0.221976041924 -0.240996341325 
0 -0.194508922047 -0.20816964653 -0.252021855544 -0.248349341509 -0.199166759662 
0 -0.221786936141 -0.233917433042 -0.270072999846 -0.2650061623 -0.173468154136 
1 -0.232946123724 -0.23882177333 -0.264055951745 -0.259453888703 -0.243342408679 
0 -0.231706213993 -0.22656092261 -0.26255168972 -0.238632862715 -0.242256353451 
1 -0.210627748557 -0.22043049725 -0.244500545418 -0.235856725916 -0.233464477795 
0 -0.214347477751 -0.205717476386 -0.244500545418 -0.224752178723 -0.04033941025 
0 -0.198228651242 -0.210621816674 -0.236979235292 -0.223364110323 -0.227352478676 
0 -0.199468560973 -0.206943561458 -0.229457925166 -0.227528315521 -0.23922386158 
0 -0.204428199899 -0.216752242034 -0.247509069468 -0.241408999513 -0.224860663651 
1 -0.206908019362 -0.213073986818 -0.235474973267 -0.226140247122 -0.219862928987 
0 -0.199468560973 -0.194682710738 -0.223440877066 -0.202543084335 -0.0774674541287 
0 -0.179630005269 -0.186100115234 -0.208398256814 -0.199766947537 -0.135141218123 
0 -0.180869915001 -0.179969689874 -0.205389732764 -0.188662400343 -0.14615692115 
1 -0.173430456612 -0.182421860018 -0.199372684663 -0.191438537141 -0.216106400297 
1 -0.165990998223 -0.16525666901 -0.188842850487 -0.173393647951 -0.0952298638759 
0 -0.148632261982 -0.143187137714 -0.164774658084 -0.145632279967 0.170924190065 
0 -0.132513435472 -0.144413222786 -0.163270396059 -0.147020348366 -0.0526856484703 
1 -0.14739235225 -0.154221903362 -0.170791706185 -0.167841374354 -0.110561578589 
0 -0.149872171713 -0.149317563074 -0.163270396059 -0.156736827161 -0.186242232295 
0 -0.131273525741 -0.129700201922 -0.146723513782 -0.138691937971 -0.0739695100175 
0 -0.136233164667 -0.126021946706 -0.151236299858 -0.130363527576 -0.121892284648 
0 -0.123834067352 -0.133378457138 -0.167783182135 -0.167841374354 -0.0823570534238 
0 -0.142432713324 -0.130926286994 -0.164774658084 -0.149796485165 -0.0377018475533 
0 -0.127553796546 -0.14073496757 -0.161766134034 -0.156736827161 -0.148037536264 
0 -0.133753345204 -0.138282797426 -0.158757609984 -0.152572621963 -0.14802343165 
0 -0.131273525741 -0.118665436274 -0.142210727707 -0.14008000637 -0.0789155277661 
0 -0.131273525741 -0.127248031778 -0.155749085933 -0.14008000637 0.323691257274 
0 -0.12259415762 -0.13460454221 -0.145219251757 -0.151184553564 -0.108619843484 
0 -0.134993254935 -0.139508882498 -0.152740561883 -0.153960690362 -0.151286298872 
0 -0.13871298413 -0.141961052642 -0.151236299858 -0.153960690362 -0.156401571981 
0 -0.131273525741 -0.129700201922 -0.140706465682 -0.142856143169 -0.0912523629108 
0 -0.127553796546 -0.135830627282 -0.148227775808 -0.14008000637 -0.23457874225 
0 -0.130033616009 -0.139508882498 -0.154244823908 -0.151184553564 -0.190309062478 
0 -0.139952893861 -0.151769733218 -0.16928744416 -0.173393647951 -0.0967860728823 
0 -0.151112081445 -0.157900158578 -0.173800230235 -0.170617511153 -0.19953347961 
0 -0.148632261982 -0.157900158578 -0.167783182135 -0.165065237556 -0.22539193742 
1 -0.14739235225 -0.156674073506 -0.16928744416 -0.172005579552 -0.248669250988 
0 -0.157311630102 -0.150543648146 -0.176808754286 -0.155348758762 -0.153749904671 
0 -0.136233164667 -0.150543648146 -0.164774658084 -0.163677169157 -0.22091607345 
0 -0.142432713324 -0.144413222786 -0.155749085933 -0.155348758762 -0.105474514707 
0 -0.146152442519 -0.148091478002 -0.161766134034 -0.163677169157 -0.182499808219 
1 -0.146152442519 -0.15299581829 -0.16928744416 -0.155348758762 -0.220699802712 
0 -0.133753345204 -0.129700201922 -0.149732037833 -0.131751595975 -0.0351301063855 
0 -0.117634518694 -0.124795861634 -0.131680893531 -0.133139664374 -0.0994659494191 
0 -0.111434970037 -0.118665436274 -0.12566384543 -0.128975459176 -0.154850064512 
1 -0.112674879768 -0.118665436274 -0.130176631506 -0.126199322378 -0.0910972121639 
0 -0.1139147895 -0.0978219900499 -0.12566384543 -0.0942737491958 0.140331283706 
0 -0.0866367754067 -0.0892393945459 -0.0955786049269 -0.0928856807966 -0.0315381315187 
0 -0.0816771364806 -0.0745263736819 -0.0880572948011 -0.0776169284051 0.0150635109943 
0 -0.0742376780916 -0.0794307139699 -0.0805359846753 -0.0845572704012 -0.0856951452503 
0 -0.0729977683601 -0.0794307139699 -0.086553032776 -0.0845572704012 -0.145122582838 
0 -0.0705179488971 -0.0843350542579 -0.0850487707508 -0.0887214755989 -0.216078191071 
0 -0.0841569559437 -0.0843350542579 -0.0835445087257 -0.0859453388005 -0.160919749791 
1 -0.0816771364806 -0.0880133094739 -0.0835445087257 -0.0928856807966 -0.213120923805 
0 -0.0829170462122 -0.0769785438259 -0.0940743429018 -0.0692885180098 -0.063391050004 
0 -0.0531592126561 -0.0671698632499 -0.068501888474 -0.0762288600059 -0.180689716172 
0 -0.0742376780916 -0.0782046288979 -0.086553032776 -0.0887214755989 -0.17672631982 
0 -0.0742376780916 -0.0782046288979 -0.0760231985998 -0.0803930652036 -0.24696729431 
0 -0.0680381294341 -0.0818828841139 -0.086553032776 -0.0914976123973 -0.21839134766 
0 -0.0866367754067 -0.0880133094739 -0.0895615568263 -0.0970498859942 -0.242148218082 
0 -0.0779574072861 -0.0806567990419 -0.0880572948011 -0.0845572704012 -0.174258012484 
0 -0.0754775878231 -0.0671698632499 -0.0745189365747 -0.0734527232075 -0.137463777788 
0 -0.0643184002396 -0.0598133528179 -0.0639891023986 -0.0762288600059 -0.0404804563835 
0 -0.0717578586286 -0.0794307139699 -0.0985871289773 -0.10537829639 -0.0341333803754 
0 -0.0940762337957 -0.106404585554 -0.116638273279 -0.10537829639 -0.110697923185 
0 -0.105235421379 -0.112535010914 -0.12566384543 -0.128975459176 -0.154986409108 
0 -0.111434970037 -0.113761095986 -0.12265532138 -0.119258980382 -0.210671422619 
0 -0.106475331111 -0.112535010914 -0.112125487204 -0.109542501587 -0.243497559426 
0 -0.102755601916 -0.11008284077 -0.12566384543 -0.106766364789 -0.134327852086 
0 -0.107715240842 -0.118665436274 -0.133185155556 -0.124811253979 -0.120242044886 
1 -0.120114338157 -0.124795861634 -0.131680893531 -0.134527732773 -0.249943367727 
0 -0.118874428426 -0.105178500482 -0.12566384543 -0.101214091192 -0.0858879082995 
1 -0.0953161435272 -0.108856755698 -0.116638273279 -0.120647048781 -0.203957626664 
0 -0.110195060305 -0.108856755698 -0.115134011254 -0.10537829639 -0.206755041645 
0 -0.0903565046012 -0.105178500482 -0.107612701128 -0.106766364789 -0.253135711883 
0 -0.103995511648 -0.105178500482 -0.107612701128 -0.108154433188 -0.276431831601 
0 -0.0915964143327 -0.0953698199059 -0.101595653028 -0.0914976123973 -0.198024285981 
0 -0.0841569559437 -0.0941437348339 -0.0895615568263 -0.0970498859942 -0.260559440043 
0 -0.0903565046012 -0.101500245266 -0.100091391002 -0.10399022799 -0.264221937977 
0 -0.0940762337957 -0.10395241541 -0.103099915053 -0.10399022799 -0.250380610741 
0 -0.0965560532587 -0.11008284077 -0.11964679733 -0.116482843583 -0.237564218743 
0 -0.0965560532587 -0.11008284077 -0.107612701128 -0.116482843583 -0.272200447596 
0 -0.107715240842 -0.107630670626 -0.112125487204 -0.112318638386 -0.245128993037 
0 -0.0990358727217 -0.113761095986 -0.12265532138 -0.117870911983 -0.221578990278 
1 -0.108955150574 -0.123569776562 -0.124159583405 -0.128975459176 -0.238701990886 
0 -0.120114338157 -0.11621326613 -0.127168107455 -0.113706706785 -0.250079712323 
0 -0.0965560532587 -0.0965959049779 -0.106108439103 -0.0914976123973 -0.160656463675 
0 -0.0816771364806 -0.0941437348339 -0.0955786049269 -0.10537829639 -0.219096578328 
0 -0.0866367754067 -0.100274160194 -0.0985871289773 -0.108154433188 -0.237380858769 
0 -0.100275782453 -0.111308925842 -0.116638273279 -0.120647048781 -0.192951326712 
0 -0.108955150574 -0.113761095986 -0.113629749229 -0.119258980382 -0.230004145986 
0 -0.108955150574 -0.113761095986 -0.113629749229 -0.113706706785 -0.224625586762 
1 -0.100275782453 -0.114987181058 -0.12265532138 -0.119258980382 -0.191465640773 
0 -0.107715240842 -0.0965959049779 -0.112125487204 -0.0914976123973 -0.157529941049 
1 -0.0903565046012 -0.10395241541 -0.166278920109 -0.166453305955 0.581753964689 
0 -0.139952893861 -0.133378457138 -0.155749085933 -0.137303869572 0.0129431174538 
0 -0.12259415762 -0.12847411685 -0.143714989732 -0.144244211568 -0.209082302848 
0 -0.136233164667 -0.145639307858 -0.161766134034 -0.165065237556 -0.139894472822 
0 -0.142432713324 -0.14073496757 -0.157253347959 -0.142856143169 -0.223163408511 
0 -0.133753345204 -0.14073496757 -0.146723513782 -0.141468074769 -0.244588316192 
0 -0.128793706278 -0.143187137714 -0.161766134034 -0.156736827161 -0.212199422399 
0 -0.139952893861 -0.14073496757 -0.164774658084 -0.141468074769 -0.113185036672 
0 -0.139952893861 -0.150543648146 -0.166278920109 -0.15812489556 -0.141943402988 
0 -0.152351991176 -0.160352328722 -0.17229596821 -0.163677169157 -0.184248780274 
0 -0.152351991176 -0.161578413794 -0.206893994789 -0.195602742339 -0.0224242005248 
1 -0.174670366343 -0.179969689874 -0.208398256814 -0.198378879137 -0.14395942239 
0 -0.177150185806 -0.176291434658 -0.199372684663 -0.181722058347 -0.236212056476 
1 -0.161031359297 -0.173839264514 -0.188842850487 -0.184498195145 -0.255170067282 
0 -0.17219054688 -0.16525666901 -0.190347112512 -0.169229442754 -0.235013634495 
0 -0.151112081445 -0.164030583938 -0.178313016311 -0.173393647951 -0.25504547653 
0 -0.158551539834 -0.164030583938 -0.205389732764 -0.201155015936 -0.180875897068 
0 -0.178390095538 -0.181195774946 -0.197868422638 -0.195602742339 -0.256258473279 
0 -0.168470817686 -0.178743604802 -0.200876946688 -0.188662400343 -0.266365369053 
0 -0.161031359297 -0.175065349586 -0.199372684663 -0.19421467394 -0.267616448257 
0 -0.173430456612 -0.18364794509 -0.206893994789 -0.208095357932 -0.230502508991 
0 -0.184589644195 -0.194682710738 -0.226449401116 -0.224752178723 -0.226358573589 
1 -0.208147929094 -0.20203922117 -0.233970711242 -0.215035699928 -0.262441935772 
1 -0.195748831779 -0.192230540594 -0.223440877066 -0.203931152734 -0.274417692815 
0 -0.174670366343 -0.162804498866 -0.197868422638 -0.166453305955 -0.126297625551 
0 -0.14739235225 -0.157900158578 -0.173800230235 -0.163677169157 -0.25352734998 
0 -0.143672623056 -0.155447988434 -0.167783182135 -0.160901032358 -0.257044100242 
0 -0.148632261982 -0.151769733218 -0.161766134034 -0.156736827161 -0.250190668615 
1 -0.141192803593 -0.151769733218 -0.161766134034 -0.160901032358 -0.259804843229 
0 -0.14739235225 -0.138282797426 -0.160261872009 -0.138691937971 -0.191469872157 
0 -0.118874428426 -0.12847411685 -0.133185155556 -0.130363527576 -0.204089269722 
0 -0.118874428426 -0.12847411685 -0.133185155556 -0.138691937971 -0.256368019109 
0 -0.120114338157 -0.123569776562 -0.131680893531 -0.128975459176 -0.261987767222 
0 -0.115154699231 -0.124795861634 -0.133185155556 -0.127587390777 -0.2530134719 
0 -0.1139147895 -0.126021946706 -0.12566384543 -0.126199322378 -0.265786609751 
0 -0.117634518694 -0.126021946706 -0.137697941631 -0.130363527576 -0.255621414909 
0 -0.111434970037 -0.119891521346 -0.12566384543 -0.12203511718 -0.255818409342 
0 -0.102755601916 -0.111308925842 -0.110621225179 -0.117870911983 -0.240930049642 
0 -0.108955150574 -0.113761095986 -0.130176631506 -0.134527732773 -0.252067992652 
1 -0.123834067352 -0.12847411685 -0.133185155556 -0.131751595975 -0.248455331019 
0 -0.123834067352 -0.12234369149 -0.134689417581 -0.126199322378 -0.255681124439 
1 -0.0915964143327 -0.0990480751219 -0.101595653028 -0.108154433188 -0.0704560508317 
0 -0.0940762337957 -0.0978219900499 -0.100091391002 -0.0942737491958 -0.195775070305 
0 -0.0692780391656 -0.0782046288979 -0.0730146745495 -0.0776169284051 -0.113174223135 
1 -0.0667982197026 -0.0794307139699 -0.077527460625 -0.0776169284051 -0.234040886328 
0 -0.0692780391656 -0.0647176931059 -0.068501888474 -0.0567959024168 -0.13302552612 
0 -0.0519193029246 -0.0647176931059 -0.0579720542979 -0.0595720392153 -0.21323611148 
1 -0.0370403861465 -0.0316133961619 -0.086553032776 -0.083169202002 0.0973888480501 
0 -0.0667982197026 -0.0573611826739 -0.0639891023986 -0.0554078340176 -0.124470137815 
0 -0.038280295878 -0.0475525020979 -0.048946482147 -0.0456913552231 -0.159005283606 
0 -0.0457197542671 -0.0524568423859 -0.0414251720212 -0.0470794236223 -0.186929597119 
0 -0.0420000250725 -0.0573611826739 -0.0564677922728 -0.0623481760137 -0.188672927329 
0 -0.0543991223876 -0.0487785871699 -0.048946482147 -0.0415271500254 -0.162189635147 
0 -0.038280295878 -0.0377438215219 -0.0293910758199 -0.0290345344324 -0.218482557493 
0 -0.0320807472205 -0.0389699065939 -0.0384166479708 -0.0498555604207 -0.242060299325 
0 -0.038280295878 -0.0487785871699 -0.0519550061973 -0.0443032868238 -0.257017301477 
0 -0.038280295878 -0.0524568423859 -0.048946482147 -0.0554078340176 -0.24448488236 
1 -0.0457197542671 -0.0549090125299 -0.0474422201218 -0.0484674920215 -0.271625449525 
0 -0.043239934804 -0.0340655663059 -0.0414251720212 -0.0207061240371 -0.176916732101 
0 -0.0246412888315 -0.0303873110899 -0.0203655036689 -0.0290345344324 -0.247410649323 
1 -0.028361018026 -0.0426481618099 -0.0293910758199 -0.0415271500254 -0.259872545373 
0 -0.0370403861465 -0.0340655663059 -0.0293910758199 -0.0207061240371 -0.243120496096 
0 -0.015961920711 -0.0303873110899 -0.0128441935431 -0.0220941924363 -0.248039244925 
0 -0.028361018026 -0.0377438215219 -0.030895337845 -0.038751013227 -0.250649538703 
0 -0.0320807472205 -0.0401959916659 -0.0263825517695 -0.0331987396301 -0.265775796214 
0 -0.0320807472205 -0.0401959916659 -0.0293910758199 -0.0429152184246 -0.272801774279 
1 -0.0370403861465 -0.0500046722419 -0.0354081239205 -0.0429152184246 -0.246267705488 
0 -0.0370403861465 -0.0340655663059 -0.0278868137947 -0.0207061240371 -0.211386056363 
0 -0.0172018304425 -0.0291612260179 -0.00983566949277 -0.0234822608355 -0.263384594098 
0 -0.018441740174 -0.0316133961619 -0.0203655036689 -0.0290345344324 -0.256201114518 
0 -0.013482101248 -0.00586560964987 0.00219842670851 0.000114901951219 -0.143664635971 
1 0.00139681553007 0.00149090078213 0.00821547480916 -0.00266123484722 -0.140261192769 
0 -0.00604264285895 0.00884741121413 0.0112239988595 0.023712064738 -0.198445073613 
0 0.0249551004286 0.0333691126541 0.0383007153124 0.0417569539278 -0.140667875787 
0 0.0373541977437 0.0382734529421 0.044317763413 0.05563763792 -0.192368336027 
0 0.0472734755957 0.0345951977261 0.0518390735388 0.0306524067341 -0.162733132914 
0 0.0274349198916 0.0162039216461 0.0277708811362 0.0126075175442 -0.152955344785 
1 0.0175156420396 0.0162039216461 0.0337879292369 0.0278762699356 -0.196462905283 
0 0.0261950101601 0.0296908574381 0.0428135013879 0.0500853643232 -0.198666516042 
0 0.0485133853272 0.0358212827981 0.0593603836646 0.0459211591255 -0.218105494163 
1 0.0336344685491 0.0321430275821 0.0593603836646 0.0500853643232 -0.243222989619 
0 0.0497532950587 0.0542125588781 0.0713944798659 0.0792348007068 -0.177305079122 
1 0.0745514896888 0.0652473245261 0.0924541482182 0.0778467323076 -0.162700692304 
0 0.0658721215682 0.0873168558221 0.0954626722685 0.106996168691 -0.0611559389416 
0 0.0894304064668 0.0824125155341 0.112009554545 0.0945035530982 -0.106392725036 
0 0.0832308578093 0.0897690259661 0.11351381657 0.119488784284 -0.175736646117 
0 0.0968698648558 0.106934216974 0.127052174797 0.105608100292 -0.151582965906 
0 0.0819909480778 0.0971255363981 0.102983982394 0.111160373889 -0.136688024053 
0 0.0906703161983 0.0848646856781 0.125547912772 0.104220031893 -0.241454271105 
0 0.0906703161983 0.0946733662541 0.119530864671 0.106996168691 -0.217755699752 
0 0.0819909480778 0.0860907707501 0.10749676847 0.0875632111021 -0.124182873856 
0 0.0671120312997 0.0615690693101 0.0804200520169 0.0625779799162 -0.183126993359 
1 0.0559528437162 0.0493082185901 0.0488305494885 0.068130253513 -0.147078892709 
0 0.0485133853272 0.0578908140941 0.0728987418911 0.0778467323076 -0.236755554244 
0 0.0832308578093 0.0909951110381 0.10749676847 0.0820109375052 -0.171302155679 
0 0.0733115799573 0.0640212394541 0.0759072659414 0.0598018431177 -0.213072968119 
0 0.0460335658642 0.0444038783021 0.0683859558156 0.0611899115169 -0.247891616639 
0 0.0547129339847 0.0444038783021 0.0593603836646 0.0611899115169 -0.248082028919 
0 0.0373541977437 0.0468560484461 0.0593603836646 0.0584137747185 -0.225369370039 
1 0.0559528437162 0.0407256230861 0.044317763413 0.0292643383349 -0.174131070964 
1 0.0299147393546 0.0382734529421 0.0548475975891 0.0598018431177 -0.20862578353 
0 0.0633923021052 0.0627951543821 0.081924314042 0.0889512795013 -0.167896831862 
0 0.0981097745873 0.0885429408941 0.0774115279666 0.0820109375052 -0.126481455679 
1 0.0621523923737 0.0689255797421 0.0879413621427 0.0695183219123 -0.198069890897 
0 0.0646322118367 0.0824125155341 0.0969669342936 0.10838423709 -0.0825968318508 
1 0.105549232976 0.0983516214701 0.116522340621 0.0945035530982 -0.234429703502 
0 0.0844707675408 0.0860907707501 0.115018078596 0.104220031893 -0.243304796377 
0 0.108029052439 0.0909951110381 0.133069222898 0.116712647486 -0.236349811533 
0 0.103069413513 0.0860907707501 0.112009554545 0.093115484699 -0.228667968948 
0 0.0919102259298 0.10448204683 0.128556436822 0.119488784284 -0.144830617341 
0 0.0956299551243 0.10448204683 0.131564960872 0.125041057881 -0.240358342648 
1 0.114228601097 0.126551578126 0.15412889125 0.136145605075 -0.112976758548 
0 0.121668059486 0.15352544971 0.142094795048 0.18056379385 -0.00686352092176 
0 0.167544719551 0.17804715115 0.182709869728 0.161130836261 -0.0865390712825 
0 0.146466254116 0.162108045214 0.190231179854 0.169459246656 -0.197661797418 
0 0.153905712505 0.158429789998 0.187222655803 0.158354699462 -0.226579075711 
0 0.136546976264 0.136360258702 0.176692821627 0.148638220668 -0.226887496589 
0 0.132827247069 0.137586343774 0.15412889125 0.163906973059 -0.176223725431 
0 0.145226344384 0.136360258702 0.176692821627 0.148638220668 -0.267442491359 
0 0.132827247069 0.126551578126 0.166162987451 0.141697878672 -0.275678175095 
0 0.132827247069 0.121647237838 0.1571374153 0.136145605075 -0.253181316799 
1 0.115468510828 0.106934216974 0.125547912772 0.111160373889 -0.131356480207 
0 0.103069413513 0.11061247219 0.143599057074 0.138921741873 -0.223736055813 
0 0.135307066532 0.117968982622 0.142094795048 0.120876852683 -0.258392031125 
0 0.101829503782 0.0946733662541 0.128556436822 0.105608100292 -0.246809322641 
0 0.0981097745873 0.0971255363981 0.118026602646 0.112548442288 -0.208861800726 
0 0.104309323245 0.0922211961101 0.131564960872 0.104220031893 -0.226451193883 
1 0.0720716702257 0.0603429842381 0.0458220254382 0.05563763792 0.227833484015 
0 0.0621523923737 0.0689255797421 0.0834285760672 0.0958916214974 -0.146959003496 
0 0.0857106772723 0.0775081752461 0.109001030495 0.0889512795013 -0.25506663345 
0 0.0571927534477 0.0554386439501 0.0518390735388 0.0639660483154 -0.145651975992 
0 0.0460335658642 0.0370473678701 0.0563518596143 0.0500853643232 -0.226652889854 
0 0.0435537464012 0.0370473678701 0.0608646456898 0.0584137747185 -0.256402340335 
0 0.0460335658642 0.0505343036621 0.0744030039162 0.0722944587107 -0.254892206399 
0 0.0646322118367 0.0664734095981 0.0939584102433 0.0750705955091 -0.244840318617 
0 0.0671120312997 0.0627951543821 0.0894456241678 0.0722944587107 -0.278301633178 
0 0.0733115799573 0.0566647290221 0.0804200520169 0.0584137747185 -0.275484001584 
0 0.0509932047902 0.0444038783021 0.0713944798659 0.0570257063193 -0.265810587594 
0 0.0423138366697 0.0345951977261 0.0473262874633 0.0278762699356 -0.220205671091 
1 0.0274349198916 0.0235604320781 0.0337879292369 0.023712064738 -0.265591495933 
0 0.00511654472458 0.0358212827981 0.0187453089853 0.0584137747185 -0.239485737235 
0 0.0522331145217 0.0358212827981 0.0322836672117 0.0292643383349 -0.23950877477 
0 0.0373541977437 0.0247865171501 0.0383007153124 0.0181597911411 -0.23248326686 
1 0.0299147393546 0.0198821768621 0.0337879292369 0.0251001331372 -0.245401212075 
1 0.0348743782807 0.0358212827981 0.0518390735388 0.05563763792 -0.185011839857 
0 0.0658721215682 0.0848646856781 0.0864371001175 0.0958916214974 -0.15697139836 
0 0.10058959405 0.0836386006061 0.102983982394 0.0792348007068 -0.266698237928 
0 0.0733115799573 0.0750560051021 0.0969669342936 0.0847870743037 -0.286752647344 
0 0.0770313091518 0.0603429842381 0.0774115279666 0.0542495695208 -0.220540420581 
0 0.0522331145217 0.0505343036621 0.0713944798659 0.0625779799162 -0.28025794305 
0 0.0695918507627 0.0701516648141 0.0969669342936 0.0778467323076 -0.182440568843 
0 0.0621523923737 0.0640212394541 0.0789157899917 0.0778467323076 -0.242719454923 
0 0.0559528437162 0.0578908140941 0.0503348115137 0.0778467323076 -0.203825043299 
0 0.0571927534477 0.0566647290221 0.0834285760672 0.068130253513 -0.228348264379 
1 0.0658721215682 0.0493082185901 0.0337879292369 0.0292643383349 -0.113242395433 
0 0.0150358225766 0.0284647723661 0.0367964532872 0.0500853643232 -0.176150851596 
0 0.0497532950587 0.0370473678701 0.0623689077149 0.0486972959239 -0.249816896361 
0 0.0435537464012 0.0407256230861 0.0668816937904 0.0639660483154 -0.268409597681 
0 0.0584326631792 0.0529864738061 0.0744030039162 0.0667421851138 -0.240804988737 
0 0.0609124826422 0.0542125588781 0.0864371001175 0.0695183219123 -0.26306629999 
0 0.0584326631792 0.0444038783021 0.0698902178407 0.05563763792 -0.241251164673 
1 0.0534730242532 0.0468560484461 0.0728987418911 0.0639660483154 -0.264227579822 
0 0.0683519410312 0.0995777065421 0.0954626722685 0.122264921083 -0.0256489852907 
1 0.114228601097 0.11061247219 0.139086270998 0.119488784284 -0.205801099629 
0 0.119188240023 0.125325493054 0.148111843149 0.151414357466 -0.165081080884 
0 0.140266705458 0.124099407982 0.164658725426 0.152802425865 -0.214787148795 
0 0.142746524921 0.130229833342 0.172180035552 0.150026289067 -0.231073275678 
0 0.136546976264 0.131455918414 0.181205607703 0.163906973059 -0.232301787501 
1 0.156385531968 0.140038513918 0.158641677325 0.138921741873 -0.181571254507 
0 0.127867608143 0.144942854206 0.172180035552 0.177787657051 -0.126903653772 
1 0.165064900088 0.151073279566 0.193239703904 0.184727999048 -0.21301701982 
0 0.176224087672 0.252838340542 0.223324944407 0.273564376598 0.273912315527 
0 0.251858581294 0.283490467342 0.291016735539 0.283280855392 0.0166643846097 
0 0.248138852099 0.258968765902 0.309067879841 0.286056992191 -0.197748305713 
0 0.249378761831 0.27000353155 0.321101976043 0.304101881381 -0.219192489699 
0 0.271697136998 0.255290510686 0.289512473514 0.263847897803 -0.0605202910332 
0 0.238219574247 0.23322097939 0.298538045665 0.2694001714 -0.224202918515 
0 0.225820476932 0.218507958526 0.272965591237 0.241638803416 -0.173624715344 
1 0.223340657469 0.231994894318 0.281991163388 0.268012103001 -0.136035450609 
0 0.235739754784 0.274907871838 0.304555093766 0.313818360175 -0.127455144154 
1 0.287815963507 0.278586127054 0.337648858319 0.30548994978 -0.185644666842 
0 0.274176956461 0.298203488206 0.351187216546 0.34019165976 -0.131010447026 
0 0.316333887332 0.315368679214 0.38728950515 0.35823654895 -0.168341597337 
1 0.320053616526 0.310464338926 0.385785243125 0.347132001756 -0.235149038783 
0 0.285336144044 0.327629529934 0.352691478571 0.374893369741 -0.0837599922985 
0 0.320053616526 0.327629529934 0.399323601351 0.356848480551 -0.15493939373 
0 0.325013255452 0.320273019502 0.384280981099 0.347132001756 -0.210820461367 
0 0.307654519211 0.296977403134 0.375255408948 0.349908138555 -0.183864664637 
0 0.307654519211 0.315368679214 0.370742622873 0.372117232942 -0.172667482252 
0 0.322533435989 0.310464338926 0.385785243125 0.356848480551 -0.19481877752 
0 0.310134338674 0.303107828494 0.372246884898 0.327699044167 -0.188450544592 
0 0.29029578297 0.290846977774 0.367734098823 0.329087112567 -0.245675781881 
0 0.294015512165 0.287168722558 0.367734098823 0.32353483897 -0.264907422186 
0 0.285336144044 0.268777446478 0.312076403892 0.280504718594 -0.0113638328884 
1 0.246898942368 0.230768809246 0.29402525959 0.261071761005 -0.13932182552 
0 0.246898942368 0.262647021118 0.313580665917 0.309654154977 -0.14382260764 
0 0.275416866192 0.267551361406 0.301546569716 0.283280855392 -0.102662524958 
0 0.244419122905 0.240577489822 0.295529521615 0.255519487408 -0.167223101498 
0 0.245659032636 0.249160085326 0.307563617816 0.283280855392 -0.22706051318 
1 0.254338400757 0.25161225547 0.310572141866 0.272176308198 -0.218800851601 
0 0.263017768877 0.347246891086 0.328623286168 0.391550190531 0.174530739699 
0 0.359730727934 0.354603401518 0.397819339326 0.369341096144 -0.070924323995 
1 0.347331630619 0.33743821051 0.405340649452 0.374893369741 -0.178689211845 
0 0.329972894378 0.376672932814 0.409853435527 0.435968379307 0.262862761427 
0 0.364690366861 0.376672932814 0.454981296282 0.416535421717 -0.169279554125 
0 0.377089464176 0.357055571662 0.43993867603 0.399878600927 -0.187642350247 
0 0.357250908471 0.37422076267 0.43993867603 0.408207011322 -0.205676979032 
0 0.382049103102 0.371768592526 0.454981296282 0.424863832113 -0.206664301966 
1 0.384528922565 0.384029443246 0.454981296282 0.416535421717 -0.185121385687 
1 0.39692801988 0.408551144686 0.476040964634 0.455401336896 0.0437579363964 
0 0.441564770214 0.55813352347 0.548245541842 0.538685440849 0.753990570015 
0 0.498600617863 0.499281440014 0.587356354496 0.549789988043 0.0590661434205 
0 0.4961207984 0.477211908718 0.563288162093 0.510924072864 -0.0551483139614 
1 0.468842784307 0.467403228142 0.578330782345 0.51925248326 -0.192862467648 
0 0.47132260377 0.477211908718 0.590364878546 0.544237714446 -0.205144764955 
0 0.503560256789 0.48456841915 0.599390450697 0.547013851244 -0.205980698372 
0 0.47132260377 0.469855398286 0.581339306395 0.541461577647 -0.182455613764 
0 0.476282242696 0.477211908718 0.590364878546 0.549789988043 -0.213331552697 
0 0.481241881622 0.474759738574 0.596381926647 0.547013851244 -0.188284110154 
0 0.493640978937 0.501733610158 0.584347830446 0.527580893655 -0.0642857526442 
0 0.468842784307 0.462498887854 0.545237017792 0.497043388872 -0.0645227101485 
1 0.444044589677 0.437977186414 0.536211445641 0.494267252074 -0.148163537476 
1 0.434125311825 0.47230756843 0.545237017792 0.533133167252 -0.157864220385 
0 0.483721701085 0.504185780302 0.587356354496 0.585879766422 -0.0942909667805 
0 0.543237368197 0.540968332462 0.644518311452 0.588655903221 -0.0348240362758 
0 0.540757548734 0.52135097131 0.644518311452 0.596984313616 -0.16502466243 
1 0.54571718766 0.526255311598 0.62045011905 0.585879766422 -0.0963135683351 
0 0.523398812493 0.518898801166 0.644518311452 0.602536587213 -0.201831591278 
1 0.560596104438 0.572846544334 0.683629124106 0.635850228794 -0.00841502839041 
0 0.580434660142 0.592463905486 0.71672288866 0.655283186383 -0.0768938665191 
1 0.642430146717 0.621889947214 0.746808129163 0.694149101562 -0.0518398418229 
0 0.627551229939 0.66848117995 0.752825177264 0.76910479512 0.0407607060593 
0 0.689546716514 0.70526373211 0.852106470924 0.794090026305 -0.0469036973037 
1 0.716824730607 0.695455051534 0.828038278522 0.760776384724 -0.10382991679 
0 0.657309063495 0.695455051534 0.816004182321 0.78576161591 -0.141487823977 
0 0.704425633292 0.688098541102 0.782910417767 0.735791153538 -0.123229401994 
1 0.647389785643 0.651315988942 0.788927465868 0.741343427135 -0.211181539469 
0 0.677147619199 0.737141943982 0.840072374723 0.846836625476 -0.0989755790282 
0 0.761461480942 0.75430713499 0.90625990383 0.844060488677 -0.118225085176 
1 0.7441027447 0.746950624558 0.90625990383 0.835732078282 -0.225718694296 
0 0.761461480942 0.77882883643 0.939353668384 0.899583224646 -0.158817222094 
1 0.813537689665 0.793541857294 0.966430384837 0.896807087848 -0.209445261565 
0 0.803618411813 0.879367812334 0.972447432937 0.988419602196 -0.0448716926736 
0 0.90033137087 0.886724322766 1.03863496204 0.957882097414 -0.0753536427411 
0 0.845775342684 0.830324409454 0.99651562534 0.938449139824 -0.0831868748427 
0 0.820977148054 0.862202621326 1.01456676964 0.94677755022 -0.128497004927 
0 0.855694620536 0.857298281038 1.04465201014 0.988419602196 -0.128281674496 
0 0.887932273555 0.872011301902 1.05066905825 0.952329823817 -0.175957618393 
0 0.798658772887 0.788637517006 0.90926842788 0.85794117267 0.115109884265 
0 0.786259675572 0.76656798571 0.942362192434 0.871821856662 -0.171035108333 
1 0.771380758794 0.751854964846 0.822021230421 0.741343427135 0.232270795376 
0 0.654829244032 0.715072412686 0.758842225364 0.810746847096 0.0944381629369 
0 0.734183466848 0.746950624558 0.888208759528 0.832955941484 -0.0938499625363 
0 0.71930455007 0.712620242542 0.846089422824 0.816299120693 -0.161604293692 
0 0.709385272218 0.695455051534 0.828038278522 0.771880931918 -0.106840781587 
0 0.667228341347 0.707715902254 0.825029754471 0.777433205515 -0.170677791461 
1 0.682107258125 0.673385520238 0.825029754471 0.758000247926 -0.239940375939 
0 0.687066897051 0.732237603694 0.843080898773 0.824627531088 -0.161162349141 
1 0.739143105774 0.732237603694 0.885200235478 0.835732078282 -0.163478326653 
0 0.758981661479 0.781281006574 0.90325137978 0.894030951049 -0.0840345621051 
0 0.818497328591 0.845037430318 0.966430384837 0.902359361445 -0.0339504905556 
0 0.806098231276 0.800898367726 0.972447432937 0.905135498243 -0.234520913335 
0 0.808578050739 0.786185346862 0.927319572182 0.896807087848 -0.190516870448 
1 0.818497328591 0.793541857294 0.939353668384 0.871821856662 -0.203897917134 
0 0.781300036646 0.847489600462 0.939353668384 0.968986644607 -0.0295103582726 
0 0.890412093018 0.86465479147 1.03562643799 0.938449139824 -0.200467205013 
0 0.82593678698 0.837680919886 1.01456676964 0.952329823817 -0.216860056804 
0 0.853214801073 0.85239394075 1.03562643799 0.966210507809 -0.198701777576 
0 0.878012995703 0.881819982478 1.06872020255 1.01062869658 -0.157168392793 
1 0.897851551407 0.916150364494 1.0897798709 1.02173324378 -0.0602240941528 
1 0.932569023889 1.00197631953 1.1318992076 1.13833098931 0.0580901041766 
0 0.987125052075 1.05101972241 1.21312935696 1.1605400837 0.000908591188647 
1 1.0590398165 1.04856755227 1.25524869367 1.17997304129 -0.0739182632557 
0 1.07887837221 1.11968048645 1.31241065062 1.26325714524 -0.0768661274461 
0 1.16319223395 1.13439350731 1.35152146328 1.24104805085 -0.113466658785 
0 1.10367656684 1.1172283163 1.30639360252 1.27158555564 -0.089785953276 
0 1.125994942 1.13439350731 1.34851293923 1.22994350366 -0.150150877497 
0 1.12351512254 1.1172283163 1.28232541012 1.20495827247 -0.0495130507737 
1 1.10367656684 1.08289793429 1.23418902532 1.12167416852 -0.0560331433723 
0 0.959847037982 0.989715468814 1.12889068355 1.13555485251 0.127508779708 
1 1.05160035811 1.02649802097 1.25224016962 1.1605400837 -0.158309456014 
0 1.04664071919 1.04611538213 1.32143622277 1.20218213568 -0.146671269384 
0 1.0863178306 1.09270661486 1.32745327088 1.20773440927 -0.172885633605 
0 1.07391873328 1.08780227457 1.30639360252 1.20773440927 -0.206737645956 
1 1.08135819167 1.08535010443 1.32745327088 1.22994350366 -0.225407922649 
1 1.11607566415 1.12458482673 1.37258113163 1.28269010283 -0.0720898352116 
0 1.16071241449 1.21041078177 1.42372604049 1.37985489078 0.00380003692569 
1 1.25990519301 1.23738465336 1.46283685314 1.36875034358 -0.175572092294 
0 1.20286934536 1.27416720552 1.46885390124 1.44925831074 -0.0184697370949 
0 1.27974374871 1.27907154581 1.55309257465 1.41594466916 -0.163789098301 
0 1.30206212388 1.40413222315 1.57114371895 1.47146740513 0.134485391626 
0 1.31446122119 1.30849758753 1.51699028605 1.40206398516 -0.0254910136212 
1 1.31942086012 1.35018447998 1.5561010987 1.47146740513 0.0781760138966 
0 1.32934013797 1.43846260517 1.60122895945 1.61027424505 0.161027923184 
1 1.44589165273 1.51447987963 1.70351877717 1.59361742426 0.108553589825 
0 1.43101273595 1.47524515733 1.71856139742 1.67967766501 -0.0887177638915 
0 1.52276605608 1.51447987963 1.80280007083 1.6880060754 -0.135354197784 
1 1.51284677823 1.49731468862 1.78474892652 1.64636402343 -0.127876872093 
0 1.39381544401 1.52674073035 1.57716076705 1.73797653778 0.467326057492 
0 1.61203955675 1.61501885553 1.89004726829 1.73520040098 -0.112460059546 
1 1.55004407018 1.57823630337 1.86597907588 1.74908108497 -0.172304053381 
0 1.58724136212 1.61501885553 1.89606431639 1.84624587291 -0.134742527719 
0 1.68643414064 1.68858395985 1.94420070119 1.79072313695 -0.0464476481387 
0 1.58724136212 1.61501885553 1.84191088348 1.76296176896 0.0484905043296 
0 1.56244316749 1.56597545265 1.86597907588 1.74630494817 -0.158335314471 
0 1.56244316749 1.57823630337 1.89907284044 1.74908108497 -0.194459580033 
0 1.56244316749 1.55371460193 1.76970630627 1.63525947623 -0.0227321512496 
0 1.39877508293 1.39677571272 1.47186242529 1.46591513153 0.613366634594 
1 1.26734465139 1.27661937566 1.44779423289 1.36042193319 0.410617049051 
0 1.11855548361 1.26681069509 1.37558965568 1.39095943797 0.442274383565 
1 1.24502627623 1.2398368235 1.40266637213 1.32433215481 0.0201990007156 
1 1.21030880375 1.29378456667 1.40868342023 1.48257195232 0.125298586796 
0 1.32438049904 1.34282796955 1.57114371895 1.49367649951 0.0154452758624 
0 1.37645670777 1.39432354257 1.64936534426 1.53254241469 0.0984767838932 
0 1.41365399971 1.39432354257 1.70652730122 1.58528901386 -0.0822959334326 
0 1.41613381918 1.384514862 1.67644206071 1.53531855149 -0.124160776629 
1 1.34669887421 1.34037579941 1.5922033873 1.45203444754 -0.116628442945 
0 1.26486483193 1.34037579941 1.50796471389 1.5158855939 -0.0279325221923 
0 1.36653742992 1.3624453307 1.59521191135 1.46869126833 -0.181480044674 
0 1.36405761045 1.33301928897 1.50495618984 1.40484012196 -0.0954024103126 
0 1.25494555408 1.25454984437 1.46584537719 1.35764579639 -0.12571510502 
1 1.21526844267 1.21531512206 1.34249589113 1.25215259805 0.0139666422294 
0 1.18055097019 1.26681069509 1.41770899238 1.45203444754 -0.00655933142715 
0 1.26734465139 1.26681069509 1.50796471389 1.45203444754 -0.151757863112 
0 1.27230429032 1.24474116379 1.52300733415 1.39928784837 -0.199108460594 
0 1.2202280816 1.21286295192 1.37859817973 1.29657078682 0.0479747456347 
0 1.14583349771 1.15891520875 1.38762375188 1.27713782923 -0.123106221704 
0 1.1731115118 1.16627171918 1.40266637213 1.31045147082 -0.131981314578 
1 1.20782898428 1.18343691019 1.38762375188 1.27991396603 -0.110827685627 
0 1.1731115118 1.24964550408 1.42673456454 1.42427307955 0.0387366940433 
0 1.24998591515 1.22267163249 1.45381128099 1.3437651124 -0.129647471222 
0 1.18303078965 1.19569776091 1.43576013669 1.37152648038 -0.0178491341074 
0 1.17807115073 1.15891520875 1.31241065062 1.21883895647 0.312976922819 
36993.6726927 37639.2007612 36376.9267364 36995.8610847 715650.459562 
40325.51622881701 40780.204524013505 33238.890009640796 36021.27966321438 2126963.6573912012 
