1063 
-1 -0.00346052447164 1.39273215834 -2.10326632027 -1.16427796592 53.393055714 
-1 -0.601102453492 0.0826836111051 -0.999530406173 -1.06542943007 41.7143377054 
-1 -1.13233972373 -0.543861346266 -1.46238740241 -1.26312650177 34.0278056632 
-1 -1.06593506495 0.111162927349 -0.963926021847 0.120753000133 39.6561729196 
-1 0.129348793089 0.0826836111051 -0.501069025611 -0.702984798621 26.0349479652 
-1 -0.700709441662 -0.316026816313 -0.750299715892 -0.53823723887 5.63087260571 
-1 -0.733911771052 -0.743216559975 -0.963926021847 -0.834782846422 4.61038074076 
-1 -0.800316429833 -0.600819978755 -0.714695331566 -0.604136262771 0.573880221665 
-1 -0.401888477152 -0.543861346266 -0.607882178589 -0.670035286671 5.28568004899 
0 -0.767114100442 -0.629299294999 -0.714695331566 -0.768883822522 2.24054740979 
1 -0.534697794712 -0.42994408129 -0.501069025611 -0.40643919107 2.51691098023 
0 -0.567900124102 0.111162927349 -0.358651488308 0.252551047934 5.70043492974 
0 0.461372086989 0.25355950857 0.282227429557 0.252551047934 1.48699048703 
0 0.361765098819 0.25355950857 0.17541427658 0.252551047934 6.36232463333 
0 0.0629441343084 -0.00275433762736 0.17541427658 0.219601535983 3.24438203148 
0 0.129348793089 -0.00275433762736 0.139809892254 -0.0769440715681 5.63862503339 
0 0.0961464636985 0.139642243593 0.17541427658 0.285500559884 5.90922666435 
0 0.394967428209 0.139642243593 0.211018660906 0.120753000133 3.59764130349 
1 0.195753451869 0.0542042948609 0.17541427658 0.252551047934 2.20325194691 
0 0.394967428209 0.680749252232 0.60266688849 1.01038982279 15.2455591264 
0 1.12541867479 1.07945967965 1.10112826905 1.30693543034 5.69414917756 
0 1.22502566296 1.25033557712 1.45717211231 1.43873347814 5.7811020826 
0 1.39103730991 0.994021730918 1.1723370377 0.944490798887 0.987587477048 
0 1.12541867479 0.851625149697 0.958710731748 0.944490798887 -1.56201836602 
1 0.859800039669 0.5953113035 0.638271272816 0.614995679385 0.949034863733 
1 0.992609357229 0.823145833453 1.20794142203 1.14218787059 1.63596281348 
0 1.88907225076 1.96231848322 2.16925979883 2.46016834859 23.1743021522 
0 2.420309521 1.90535985073 2.31167733613 2.19657225299 3.97300547063 
0 2.12148855649 1.819921902 2.41849048911 2.13067322909 2.7438266336 
0 2.25429787405 1.73448395327 1.88442472422 2.09772371714 1.84318311005 
0 2.25429787405 1.90535985073 2.41849048911 2.22952176494 2.0671654124 
0 2.02188156832 1.70600463702 2.31167733613 2.16362274104 -2.51326219455 
0 1.98867923893 1.62056668829 2.02684226152 2.09772371714 -1.00290071041 
0 2.22109554466 1.93383916698 2.20486418315 2.36131981274 -1.54274205936 
0 2.38710719161 1.84840121824 2.31167733613 2.09772371714 -2.33589922079 
0 2.12148855649 1.79144258575 2.38288610478 2.22952176494 -1.90752521034 
0 2.15469088588 1.70600463702 2.41849048911 2.13067322909 -3.24859043601 
0 2.18789321527 1.67752532078 1.63519403394 1.86707713349 -0.118181092354 
0 1.4242396393 1.10793899589 1.13673265338 1.40578396619 10.9080758408 
0 1.72306060381 1.42121147458 1.81321595557 1.76822859764 1.78210655145 
0 0.926204698449 1.05098036341 1.24354580636 1.37283445424 0.942644349026 
1 1.12541867479 1.19337694463 0.709480041468 0.977440310837 0.414117353987 
0 0.594181404549 0.652269935988 -0.358651488308 0.318450071834 0.50295598467 
1 0.959407027839 1.64904600453 1.0299195004 1.57053152594 13.9163320673 
1 1.05901401601 1.19337694463 1.38596334366 1.37283445424 7.73659958297 
0 1.59025128625 1.99079779946 1.95563349287 2.49311786054 11.0019430732 
0 2.68592815612 2.47494617561 2.52530364209 2.16362274104 2.14657541483 
1 1.98867923893 2.01927711571 2.38288610478 2.22952176494 1.51862877296 
0 2.12148855649 2.70278070557 2.52530364209 3.34980517125 7.07114795314 
0 3.11755843819 3.15844976547 3.16618255995 3.15210809955 7.40031184183 
1 3.48278406148 3.12997044923 3.45101763456 3.28390614735 4.64254283937 
0 3.58239104965 3.27236703045 3.84266586214 4.00879541025 4.71032420028 
0 3.98081900233 3.21540839796 3.70024832484 3.3827546832 -0.588669642348 
1 2.98474912063 2.84517728679 3.16618255995 2.69081493225 -1.68207623248 
0 2.38710719161 2.70278070557 2.59651241074 3.28390614735 3.07812388656 
0 3.31677241453 3.10149113299 3.27299571293 3.08620907565 7.33169238063 
1 3.18396309697 2.70278070557 3.45101763456 3.15210809955 0.432555560355 
0 3.51598639087 4.06978788529 3.87827024647 4.93138174486 9.45659090201 
0 4.71127024891 4.52545694519 4.66156670164 4.5030380895 7.43415014101 
0 4.54525860196 4.0128292528 4.30552285838 4.14059345805 1.32460855595 
0 3.98081900233 3.58563950914 4.1987097054 3.6463507788 -1.93361108185 
1 3.71520036721 3.41476361167 3.94947901512 3.67930029075 1.61364839327 
0 4.04722366111 3.55716019289 4.55475354866 4.27239150585 0.220830474731 
1 4.47885394318 3.87043267158 4.16310532107 3.6463507788 -0.161343257261 
0 3.64879570843 3.47172224416 4.16310532107 3.94289638635 0.0922868428358 
1 4.34604462562 3.52868087665 4.41233601135 4.07469443415 -0.608784049295 
0 4.57846093135 4.41153968022 5.05321492922 5.32677588826 3.86195718228 
0 5.37531683671 4.4684983127 4.91079739192 5.26087686436 9.70519240037 
0 5.04329354281 4.78177079139 5.51607192546 5.55742247191 0.375879028281 
0 5.44172149549 5.09504327008 5.97892892169 5.91986710336 1.77079219755 
0 5.67413780122 5.00960532134 6.15695084332 5.78806905556 4.87982998382 
0 5.10969820159 4.81025010763 5.51607192546 4.86548272096 1.38683750244 
1 4.11362831989 3.61411882538 3.70024832484 3.41570419515 0.0499627782182 
1 3.25036775575 3.52868087665 2.73892994804 4.00879541025 -1.31446449302 
1 3.91441434355 4.35458104773 4.41233601135 4.56893711341 0.0717533857441 
0 4.61166326074 4.55393626144 5.19563246652 5.06317979266 0.552508664284 
0 5.24250751915 4.81025010763 5.76530261574 5.45857393606 -0.516069204774 
1 5.44172149549 4.52545694519 4.26991847405 3.74519931465 8.23862165636 
0 3.18396309697 3.27236703045 3.52222640321 4.00879541025 6.10754214534 
0 3.91441434355 3.18692908172 3.70024832484 3.1850576115 -1.74535280433 
1 3.25036775575 2.87365660303 2.16925979883 1.76822859764 10.9309140737 
1 2.15469088588 2.47494617561 2.45409487343 3.08620907565 3.86363338286 
0 2.58632116795 3.15844976547 3.02376502265 3.4486537071 -1.43724618542 
0 3.78160502599 3.10149113299 2.952556254 2.55901688445 4.39373181594 
1 2.7523328149 2.36102891064 2.81013871669 2.88851200395 -0.509259639922 
0 2.78553514429 2.58886344059 3.0949737913 3.15210809955 0.969568320825 
0 3.78160502599 3.15844976547 3.87827024647 3.87699736245 0.0292197960542 
1 3.84800968477 3.41476361167 3.80706147782 3.87699736245 1.38809465287 
0 3.28357008514 3.12997044923 3.77145709349 3.8440478505 -2.68098701498 
1 3.88121201416 3.15844976547 3.84266586214 3.67930029075 -0.907881090095 
0 3.31677241453 3.64259814162 3.80706147782 4.14059345805 -0.784366059936 
0 4.51205627257 3.67107745787 4.44794039568 3.87699736245 -2.21856518027 
0 3.98081900233 3.44324292792 4.30552285838 3.81109833855 -2.19467932202 
1 4.01402133172 3.47172224416 3.91387463079 3.67930029075 -2.16188864819 
0 3.58239104965 3.12997044923 4.02068778377 3.7122498027 -2.00474484392 
0 4.01402133172 3.27236703045 4.1987097054 3.67930029075 -2.81571163651 
0 4.01402133172 3.27236703045 3.20178694428 3.0532595637 7.51995065815 
1 2.68592815612 2.61734275683 3.02376502265 3.1850576115 1.50741918158 
1 2.78553514429 3.0445325005 3.2373913286 3.48160321905 -0.910604916035 
0 3.38317707331 3.64259814162 3.77145709349 4.3053410178 0.88052016507 
0 3.98081900233 3.41476361167 4.02068778377 3.48160321905 -0.335668117468 
0 3.64879570843 3.15844976547 3.59343517186 3.21800712345 1.58148629466 
0 3.4163794027 2.84517728679 3.62903955619 3.1191585876 1.31978947928 
0 3.44958173209 3.01605318425 3.59343517186 3.3827546832 -1.91821098903 
0 3.4163794027 2.90213591928 3.59343517186 3.5804517549 -1.64509505721 
0 3.44958173209 2.93061523552 3.59343517186 3.41570419515 -2.97138876527 
0 3.48278406148 2.95909455176 3.73585270916 3.6463507788 -4.16023402587 
0 3.7484026966 3.21540839796 3.98508339944 3.74519931465 -2.80911159673 
0 3.78160502599 3.32932566294 4.12750093675 3.5804517549 -2.59434839755 
0 3.68199803782 3.10149113299 4.12750093675 3.7781488266 -3.36749591458 
0 4.04722366111 3.30084634669 4.1987097054 4.00879541025 -2.64421536478 
0 3.7484026966 3.32932566294 3.62903955619 3.1191585876 -0.736908631046 
0 3.18396309697 3.15844976547 3.66464394051 3.3827546832 -3.03613201263 
1 3.31677241453 2.87365660303 3.0949737913 2.69081493225 -1.43106519579 
1 2.61952349734 2.73126002181 3.02376502265 3.1191585876 -1.91056332389 
0 3.11755843819 3.44324292792 3.41541325023 4.20649248195 -2.20683177622 
0 4.37924695501 3.55716019289 4.02068778377 3.48160321905 -4.39814974554 
0 3.84800968477 3.12997044923 3.98508339944 3.4486537071 -4.43334995769 
0 3.48278406148 2.98757386801 3.62903955619 3.6463507788 -2.59445316009 
0 3.54918872026 3.0445325005 3.62903955619 3.15210809955 0.22470668857 
0 3.51598639087 2.93061523552 3.62903955619 3.1191585876 -3.3574387111 
0 3.38317707331 2.70278070557 3.13057817562 2.88851200395 0.376193315889 
0 2.91834446185 2.36102891064 3.05936940697 2.69081493225 -1.99604955342 
0 2.91834446185 2.50342549186 3.20178694428 2.75671395615 -2.74740646292 
0 2.78553514429 2.44646685937 3.13057817562 3.0532595637 -2.50697644238 
0 2.7523328149 2.44646685937 3.20178694428 3.0532595637 -2.00663056957 
0 2.85193980307 2.41798754313 2.81013871669 2.39426932469 -1.20519716778 
0 2.420309521 2.04775643195 2.48969925776 2.32837030079 -0.0915714081638 
1 2.38710719161 2.13319438068 2.52530364209 2.26247127689 -0.548440828454 
0 2.22109554466 2.10471506444 2.56090802641 2.6578654203 -2.08237388323 
0 3.05115377941 2.61734275683 3.02376502265 2.9214615159 5.79493073737 
0 2.91834446185 2.56038412435 3.30860009725 2.82261298005 -3.16519945721 
0 2.58632116795 2.01927711571 2.41849048911 1.99887518129 -2.85185471149 
0 2.0882862271 1.76296326951 1.77761157124 1.43873347814 -0.788870848992 
0 1.78946526259 1.84840121824 2.09805103018 2.29542078884 0.691633312334 
0 2.0882862271 1.87688053449 2.34728172046 2.39426932469 -2.31945150261 
0 2.25429787405 1.84840121824 2.20486418315 1.83412762154 1.3548849289 
0 1.92227458015 1.5636080558 2.16925979883 1.93297615739 -4.18768181035 
0 1.85586992137 1.44969079082 1.95563349287 1.57053152594 -3.4135914305 
1 1.92227458015 1.73448395327 2.06244664585 2.19657225299 -1.75708620839 
0 1.72306060381 1.96231848322 2.09805103018 2.49311786054 -2.23008905925 
1 2.12148855649 1.73448395327 1.95563349287 1.93297615739 -1.84770580218 
0 2.05508389771 2.16167369693 2.34728172046 2.7237644442 -1.08922504023 
0 2.91834446185 2.30407027815 2.81013871669 2.55901688445 -3.97407099907 
0 2.35390486222 2.13319438068 2.59651241074 2.32837030079 -2.68706324208 
0 2.45351185039 1.90535985073 2.38288610478 2.22952176494 -4.1281766898 
0 2.12148855649 1.76296326951 2.1336554145 2.03182469324 -3.45193451874 
0 2.0882862271 1.62056668829 2.20486418315 1.80117810959 -3.35576251053 
0 1.78946526259 1.44969079082 1.74200718692 1.63643054984 -1.99405906523 
0 1.4242396393 1.19337694463 1.70640280259 1.57053152594 -1.42771279463 
0 1.52384662747 1.10793899589 1.59958964961 1.33988494229 1.46813323052 
0 1.25822799235 1.10793899589 1.38596334366 1.04333933474 -2.1865078442 
0 1.22502566296 1.10793899589 1.45717211231 1.50463250204 -2.05953565034 
1 1.45744196869 1.13641831214 1.63519403394 1.50463250204 -1.67264760422 
0 1.65665594503 1.59208737205 2.02684226152 2.06477420519 2.02106989648 
0 2.25429787405 1.73448395327 2.20486418315 1.80117810959 4.67323826247 
0 1.92227458015 1.44969079082 1.70640280259 1.37283445424 1.46959990602 
0 1.49064429808 1.27881489336 1.81321595557 1.57053152594 0.0609628445173 
0 1.78946526259 1.42121147458 2.06244664585 1.83412762154 -0.19895300775 
0 1.95547690954 1.53512873956 1.77761157124 1.57053152594 1.49107622594 
0 2.02188156832 1.62056668829 1.95563349287 1.99887518129 1.73705866089 
0 2.05508389771 1.62056668829 2.24046856748 2.09772371714 0.601747056289 
0 2.12148855649 1.67752532078 2.24046856748 2.16362274104 0.189716001485 
1 2.05508389771 1.64904600453 2.16925979883 2.13067322909 -2.90758838074 
0 2.38710719161 2.2755909619 2.48969925776 2.75671395615 1.42905680452 
0 2.95154679124 2.36102891064 2.81013871669 2.7896634681 -0.0163519071851 
0 2.81873747368 2.30407027815 2.48969925776 2.09772371714 1.64214380311 
0 2.05508389771 1.59208737205 1.06552388473 0.977440310837 12.7718013595 
0 1.15862100418 0.908583782186 1.31475457501 1.04333933474 10.9698857372 
0 1.05901401601 0.994021730918 1.35035895933 1.33988494229 -0.594117294229 
0 1.25822799235 0.908583782186 1.45717211231 1.24103640644 0.279707020066 
0 1.19182333357 0.880104465941 1.35035895933 1.10923835864 14.5779074833 
0 1.19182333357 0.93706309843 1.31475457501 1.07628884669 2.74026470737 
0 1.32463265113 0.93706309843 1.42156772798 1.30693543034 -1.12348238956 
0 1.32463265113 0.965542414674 1.49277649664 1.20808689449 -1.757400496 
0 1.35783498052 0.994021730918 1.45717211231 1.20808689449 -2.06550711491 
0 1.32463265113 1.22185626087 1.56398526529 1.60348103789 1.98157442034 
0 1.55704895686 1.13641831214 1.67079841827 1.50463250204 -0.625441292548 
0 1.78946526259 1.39273215834 1.70640280259 1.33988494229 -2.81948308781 
0 1.49064429808 1.19337694463 1.67079841827 1.30693543034 -3.92200401859 
1 1.4242396393 1.05098036341 1.59958964961 1.33988494229 -4.32575883304 
0 1.35783498052 1.53512873956 1.70640280259 1.99887518129 -0.984252978971 
0 1.98867923893 1.53512873956 2.06244664585 1.90002664544 -2.80900683419 
0 1.85586992137 1.44969079082 2.06244664585 1.90002664544 -4.90802900914 
0 1.78946526259 1.36425284209 1.95563349287 1.70232957374 -4.2593393851 
0 1.59025128625 1.19337694463 1.56398526529 1.24103640644 -2.973484016 
0 1.45744196869 1.05098036341 1.24354580636 1.14218787059 -1.53603725704 
0 1.19182333357 0.851625149697 1.24354580636 1.04333933474 -3.19914251893 
1 1.05901401601 0.709228568476 0.709480041468 0.614995679385 -0.616641239508 
0 0.494574416379 0.623790619744 0.780688810119 0.878591774987 -3.04734160401 
0 1.02581168662 0.851625149697 1.31475457501 1.20808689449 -2.69512995736 
0 1.25822799235 0.880104465941 1.31475457501 1.10923835864 -4.15091016015 
0 1.05901401601 0.766187200965 1.10112826905 0.845642263037 -2.67658698846 
0 1.05901401601 0.851625149697 1.31475457501 1.20808689449 -3.71048845804 
0 1.02581168662 0.766187200965 1.20794142203 1.07628884669 -5.07627764224 
0 1.02581168662 0.709228568476 0.745084425793 0.516147143535 -0.787404173485 
0 0.594181404549 0.310518141058 0.638271272816 0.417298607684 -3.12612303121 
0 0.262158110649 0.0826836111051 0.0686011236024 0.120753000133 -1.67139045379 
0 0.0297418049184 -0.0597129701157 -0.323047103982 -0.37348967912 2.78698879851 
0 -0.269079159592 -0.287547500069 -0.109420798027 -0.109893583518 -1.03244374562 
1 -0.00346052447164 -0.202109551336 -0.109420798027 -0.0769440715681 -2.24695582757 
1 -0.202674500812 -0.145150918848 -0.0382120293751 0.0548539762325 -1.79113403265 
0 0.228955781259 0.395956089791 0.460249351187 0.582046167435 9.32165675541 
0 0.760193051499 0.452914722279 0.460249351187 0.483197631585 -0.831928251363 
0 0.926204698449 0.623790619744 0.923106347423 0.812692751086 -0.676355885132 
0 0.594181404549 0.538352671012 0.816293194445 0.713844215236 -2.08017386997 
0 0.594181404549 0.481394038523 0.567062504164 0.549096655485 -4.83050473236 
1 0.461372086989 0.538352671012 0.745084425793 0.647945191336 -5.00011527844 
1 0.527776745769 0.652269935988 0.816293194445 0.944490798887 -3.69152643899 
0 1.05901401601 1.22185626087 1.24354580636 1.60348103789 0.398612498632 
0 1.88907225076 1.62056668829 2.06244664585 2.06477420519 5.39117592293 
0 2.22109554466 1.96231848322 2.31167733613 2.42721883664 0.576918335214 
0 2.420309521 1.87688053449 1.88442472422 1.93297615739 -0.256677165187 
0 1.92227458015 1.5636080558 1.84882033989 1.73527908569 -0.552212279756 
0 2.05508389771 1.5636080558 1.9912378772 1.70232957374 -5.28506937686 
0 1.92227458015 1.53512873956 2.09805103018 1.90002664544 -4.3722733991 
0 2.0882862271 1.59208737205 2.24046856748 1.96592566934 -1.92952534294 
0 1.65665594503 1.44969079082 1.67079841827 1.90002664544 -4.05421433925 
0 1.59025128625 1.70600463702 1.52838088096 1.47168299009 -2.27335598669 
0 1.49064429808 1.27881489336 1.67079841827 1.30693543034 -4.54900779764 
0 1.78946526259 1.42121147458 1.70640280259 1.86707713349 -3.90482296266 
1 1.59025128625 1.39273215834 1.56398526529 1.30693543034 -3.92011829294 
0 1.45744196869 1.39273215834 1.67079841827 1.80117810959 -3.71677421021 
0 2.0882862271 2.04775643195 2.16925979883 2.16362274104 -0.34467769558 
1 2.32070253283 2.04775643195 1.81321595557 1.53758201399 2.69595015457 
1 1.59025128625 1.67752532078 1.84882033989 2.16362274104 -1.40036977269 
0 1.95547690954 1.79144258575 2.34728172046 2.26247127689 -2.56931015141 
0 2.55311883856 1.99079779946 2.63211679506 2.46016834859 -4.51055994686 
0 2.51991650917 2.36102891064 2.88134748534 2.75671395615 -3.36728638951 
0 2.78553514429 2.50342549186 3.13057817562 2.855562492 -4.06552869316 
0 2.91834446185 2.5319048081 2.88134748534 3.02031005175 -4.28123475516 
0 2.85193980307 2.41798754313 1.9912378772 1.83412762154 -2.33788970898 
0 2.12148855649 1.62056668829 1.45717211231 1.30693543034 -1.1606730899 
0 1.22502566296 1.16489762838 1.31475457501 1.24103640644 -3.29898121591 
0 1.45744196869 1.10793899589 1.52838088096 1.43873347814 -2.82954029128 
0 1.35783498052 1.05098036341 1.24354580636 1.37283445424 -3.81567004437 
0 1.39103730991 0.994021730918 0.958710731748 0.647945191336 -3.59346870512 
1 0.726990722109 0.623790619744 0.673875657142 0.384349095734 0.0272293078667 
0 0.494574416379 0.509873354767 0.745084425793 0.812692751086 -2.24978441605 
0 1.12541867479 0.766187200965 0.923106347423 0.647945191336 -4.92898151637 
1 0.594181404549 0.680749252232 0.887501963097 0.878591774987 -4.11508137277 
0 0.926204698449 1.05098036341 1.06552388473 1.27398591839 -2.88433109771 
0 1.45744196869 1.39273215834 1.67079841827 1.60348103789 -2.89480735132 
0 1.52384662747 1.10793899589 1.24354580636 1.50463250204 -0.156000367916 
0 1.12541867479 0.965542414674 0.887501963097 0.582046167435 -3.59870683193 
0 0.162551122479 0.225080192326 0.211018660906 -0.0439945596179 -5.37820327152 
1 0.195753451869 -0.00275433762736 -0.00260764504923 -0.241691631319 -3.49981099778 
0 -0.0698651832517 0.395956089791 0.139809892254 0.614995679385 -2.38964240185 
0 0.793395380889 0.994021730918 0.958710731748 0.878591774987 -3.28221921013 
0 1.12541867479 0.766187200965 0.460249351187 0.516147143535 -2.31756577696 
0 0.361765098819 0.367476773547 0.60266688849 0.417298607684 -4.94249588354 
1 0.494574416379 0.225080192326 0.673875657142 0.417298607684 -5.45792756156 
0 0.461372086989 0.851625149697 0.709480041468 1.01038982279 -2.08321198352 
0 1.02581168662 1.13641831214 0.709480041468 1.20808689449 -2.76605419436 
0 1.25822799235 0.908583782186 1.13673265338 0.845642263037 -5.30329805815 
0 0.926204698449 0.794666517209 0.816293194445 0.516147143535 -4.50437895723 
0 0.627383733939 0.538352671012 0.709480041468 0.845642263037 -4.19553900056 
0 0.693788392719 0.424435406035 0.816293194445 0.680894703286 -4.64664648136 
0 0.627383733939 0.652269935988 0.424644966861 0.944490798887 -2.39069002722 
0 0.660586063329 0.481394038523 0.673875657142 0.647945191336 -4.51799808693 
0 0.693788392719 0.395956089791 0.673875657142 0.582046167435 -4.65617987215 
0 0.594181404549 0.310518141058 0.211018660906 -0.0439945596179 -3.79901280111 
1 0.0629441343084 -0.0312336538715 0.104205507928 0.153702512083 -4.52239811345 
0 0.129348793089 0.310518141058 0.353436198209 0.582046167435 -3.97176622328 
0 0.594181404549 0.310518141058 -1.78282686134 0.186652024033 -4.88382886328 
0 0.195753451869 0.139642243593 0.353436198209 0.252551047934 -4.38515919105 
0 0.262158110649 0.111162927349 0.495853735513 0.252551047934 -4.2066438294 
0 0.461372086989 0.196600876082 0.389040582535 0.285500559884 -5.16113529655 
0 0.295360440039 0.282038824814 0.567062504164 0.483197631585 -5.06548710102 
0 0.428169757599 0.310518141058 0.567062504164 0.417298607684 -4.32921599673 
1 0.660586063329 0.367476773547 0.638271272816 0.582046167435 -4.89357177914 
0 0.361765098819 0.139642243593 0.282227429557 0.252551047934 -5.14992570518 
0 0.926204698449 0.5953113035 -0.180629566678 -0.40643919107 -3.9359374359 
0 -0.401888477152 -0.316026816313 -0.25183833533 -0.208742119369 -4.57991274581 
0 -0.202674500812 -0.0881922863598 -0.109420798027 -0.0110450476678 -3.95427087973 
0 0.0297418049184 -0.116671602604 0.246623045232 0.0878034881827 -3.41652478151 
1 0.0961464636985 -0.0881922863598 0.139809892254 0.0219044642824 -3.96149949473 
0 -0.0366628538617 0.0826836111051 0.17541427658 0.318450071834 -4.89304796646 
0 0.328562769429 0.0826836111051 0.353436198209 0.120753000133 -4.98817234932 
0 0.129348793089 -0.0881922863598 -0.0738164137009 -0.208742119369 -5.42639403816 
0 0.129348793089 -0.0597129701157 0.0329967392766 -0.0769440715681 -4.70960876561 
0 -0.269079159592 -0.344506132557 -0.323047103982 -0.53823723887 -5.44483224453 
1 -0.501495465322 -0.515382030022 -0.394255872633 -0.50528772692 -4.69515153561 
0 -0.401888477152 0.196600876082 -0.180629566678 0.450248119635 -4.4385880845 
1 0.594181404549 0.652269935988 0.60266688849 0.977440310837 -2.2759750501 
0 0.328562769429 1.05098036341 0.60266688849 1.43873347814 -3.82813678617 
0 1.15862100418 0.93706309843 1.24354580636 1.27398591839 -4.09611935372 
0 1.45744196869 1.05098036341 1.31475457501 1.14218787059 -5.13274464925 
0 0.893002369059 0.680749252232 1.10112826905 0.911541286937 -5.51177550515 
0 0.992609357229 0.794666517209 1.13673265338 0.944490798887 -6.06251215786 
1 0.760193051499 0.709228568476 0.816293194445 0.516147143535 -5.42188924911 
0 0.793395380889 0.994021730918 1.06552388473 0.977440310837 -4.21575817004 
0 1.32463265113 1.16489762838 1.52838088096 1.37283445424 -2.81833069991 
0 1.39103730991 1.10793899589 1.42156772798 1.27398591839 -4.82348564244 
1 1.29143032174 0.93706309843 1.38596334366 1.04333933474 -5.79212005198 
0 1.05901401601 1.13641831214 1.38596334366 1.50463250204 -4.34870182846 
0 1.49064429808 1.19337694463 1.24354580636 0.911541286937 -3.12256110498 
0 0.760193051499 0.566831987256 0.709480041468 0.417298607684 -1.83083903386 
0 0.494574416379 0.338997457302 0.745084425793 0.549096655485 -4.49819796759 
0 0.560979075159 0.282038824814 0.673875657142 0.417298607684 -2.85457853743 
0 0.527776745769 0.367476773547 0.709480041468 0.582046167435 -3.37472452957 
0 0.594181404549 0.310518141058 0.531458119838 0.417298607684 -5.07072522783 
1 0.295360440039 0.111162927349 0.460249351187 0.252551047934 -4.20706287954 
0 0.262158110649 0.25355950857 0.531458119838 0.417298607684 -4.91536238667 
0 0.594181404549 0.310518141058 0.60266688849 0.351399583784 -4.8624573059 
0 0.461372086989 0.310518141058 0.638271272816 0.582046167435 -4.92552435268 
0 0.594181404549 0.310518141058 0.60266688849 0.351399583784 -5.23551669724 
0 0.328562769429 0.225080192326 0.567062504164 0.384349095734 -4.32293024456 
0 0.262158110649 0.139642243593 0.531458119838 0.384349095734 -4.36274000831 
0 0.394967428209 0.225080192326 0.567062504164 0.450248119635 -5.24274531224 
0 0.461372086989 0.196600876082 0.531458119838 0.285500559884 -5.26799308346 
0 0.394967428209 0.139642243593 0.317831813883 0.186652024033 -4.44686432486 
0 0.328562769429 0.25355950857 0.211018660906 -0.0110450476678 -2.20295556238 
0 0.0297418049184 -0.116671602604 -0.00260764504923 -0.0110450476678 -2.27335598669 
0 -0.0366628538617 -0.202109551336 0.0686011236024 -0.109893583518 -4.72396123306 
0 -0.202674500812 -0.0597129701157 0.0329967392766 0.153702512083 -4.60966530609 
0 0.0961464636985 -0.0597129701157 0.139809892254 -0.109893583518 -4.61343675739 
0 -0.0366628538617 0.0542042948609 0.211018660906 0.285500559884 -2.87930249597 
0 0.262158110649 0.310518141058 0.531458119838 0.582046167435 -1.29812153737 
0 0.560979075159 0.282038824814 0.353436198209 0.285500559884 -3.98538535298 
0 0.262158110649 0.139642243593 0.495853735513 0.351399583784 -4.04143330984 
0 0.262158110649 0.25355950857 0.531458119838 0.516147143535 -4.37866391381 
0 0.328562769429 0.310518141058 0.60266688849 0.582046167435 -3.72871713933 
0 0.428169757599 0.310518141058 0.495853735513 0.582046167435 -5.34111733371 
0 0.494574416379 0.225080192326 0.282227429557 0.120753000133 -2.97327449092 
0 0.0961464636985 -0.0312336538715 0.246623045232 0.186652024033 -5.61685232894 
0 0.0629441343084 -0.145150918848 0.104205507928 -0.142843095468 -4.19700567607 
0 0.0297418049184 -0.116671602604 -0.0382120293751 0.0878034881827 -4.84443814967 
0 0.0961464636985 -0.0881922863598 0.0686011236024 -0.0769440715681 -4.09968127995 
0 -0.0366628538617 -0.0597129701157 0.104205507928 0.0548539762325 -3.79503182474 
0 0.0961464636985 -0.00275433762736 0.211018660906 0.186652024033 -4.71558023017 
0 0.195753451869 -0.0312336538715 0.17541427658 -0.0110450476678 -3.57220191028 
0 -0.0366628538617 -0.202109551336 0.139809892254 -0.109893583518 -5.05962039899 
0 -0.202674500812 -0.173630235092 -0.00260764504923 0.0219044642824 -5.36866988073 
0 -0.0698651832517 -0.173630235092 -0.429860256959 -0.307590655219 -1.9954209782 
0 -0.401888477152 -0.515382030022 -0.429860256959 -0.53823723887 -3.574297161 
1 -0.634304782882 -0.743216559975 -1.07073917482 -0.999530406173 -2.69575853258 
0 -1.09913739434 -0.743216559975 -0.928321637521 -0.735934310571 -4.43251185741 
0 -0.634304782882 -0.600819978755 -0.67909094724 -0.604136262771 -3.6391451709 
0 -0.468293135932 -0.543861346266 -0.465464641285 -0.40643919107 -2.69334899425 
0 -0.401888477152 -0.344506132557 -0.216233951004 -0.241691631319 -4.99718192743 
0 -0.468293135932 -0.57234066251 -0.429860256959 -0.50528772692 -0.0397139527537 
0 -0.501495465322 -0.57234066251 -0.607882178589 -0.604136262771 -3.33554334104 
0 -0.601102453492 -0.401464765046 -0.572277794263 -0.274641143269 -3.60656402215 
1 -0.468293135932 -0.259068183825 -0.25183833533 -0.142843095468 -3.16425659438 
0 -0.401888477152 -0.344506132557 -0.216233951004 -0.43938870302 -4.40433073517 
0 -0.0698651832517 -0.259068183825 -0.0382120293751 -0.0769440715681 -2.32238485363 
0 -0.0698651832517 -0.259068183825 0.0329967392766 -0.109893583518 -3.80907000459 
0 -0.0698651832517 -0.259068183825 -0.0738164137009 -0.307590655219 -3.72913618948 
0 -0.103067512642 -0.145150918848 0.104205507928 0.0219044642824 -2.8400165449 
0 0.0629441343084 -0.116671602604 0.104205507928 0.0878034881827 -5.90861599221 
0 0.0629441343084 -0.0881922863598 -0.0738164137009 0.0878034881827 -4.81604750237 
0 -0.00346052447164 -0.116671602604 -0.0382120293751 -0.0769440715681 -4.12157665002 
0 -0.202674500812 -0.0881922863598 -0.00260764504923 0.120753000133 -3.87674660296 
0 -0.00346052447164 -0.0312336538715 0.17541427658 0.186652024033 -4.67053233961 
0 0.0961464636985 -0.116671602604 -0.0382120293751 -0.0110450476678 -5.22849760732 
0 0.0961464636985 -0.0881922863598 0.0686011236024 -0.142843095468 -5.50056591378 
0 -0.302281488982 -0.401464765046 -0.216233951004 -0.307590655219 -4.89137176588 
0 -0.501495465322 -0.515382030022 -0.358651488308 -0.47233821497 -5.01279154532 
0 -0.567900124102 -0.543861346266 -0.394255872633 -0.53823723887 -4.62035108478 
0 -0.501495465322 -0.543861346266 -0.67909094724 -0.40643919107 -4.37897820142 
0 -0.833518759223 -0.686257927487 -0.928321637521 -1.06542943007 -4.06050009142 
0 -1.03273273556 -0.971051089929 -0.963926021847 -1.06542943007 -2.87542628213 
0 -1.06593506495 -0.971051089929 -0.999530406173 -0.999530406173 -1.84372482581 
0 -1.03273273556 -1.05648903866 -1.28436548078 -1.19722747787 -3.88565141853 
0 -1.19874438251 -1.17040630364 -1.31996986511 -1.13132845397 -4.88770507712 
0 -1.13233972373 -1.08496835491 -1.1775523278 -1.13132845397 -4.87073354625 
0 -1.2319467119 -1.05648903866 -1.10634355915 -1.16427796592 -4.75329474319 
0 -1.13233972373 -1.14192698739 -1.46238740241 -1.42787406152 -3.20322825784 
0 -1.39795835885 -1.36976151735 -1.46238740241 -1.42787406152 -0.96508143485 
0 -1.43116068824 -1.3412822011 -1.53359617106 -1.52672259738 -1.16287310316 
0 -1.43116068824 -1.14192698739 -1.35557424943 -1.09837894202 -3.71907898601 
0 -1.16554205312 -1.17040630364 -1.1775523278 -1.23017698982 -4.67922763011 
0 -1.29835137068 -1.14192698739 -1.1775523278 -1.16427796592 -2.88873112423 
0 -1.16554205312 -1.11344767115 -1.07073917482 -1.06542943007 -1.84896295262 
0 -1.06593506495 -1.05648903866 -0.963926021847 -0.999530406173 -3.09867524673 
1 -1.03273273556 -1.02800972242 -1.14194794348 -1.16427796592 -3.7138408592 
0 -1.06593506495 -0.287547500069 -0.928321637521 -0.109893583518 -1.9302586807 
0 -0.601102453492 -0.629299294999 -0.607882178589 -0.571186750821 -1.85954396877 
1 -0.733911771052 -0.743216559975 -0.67909094724 -0.637085774721 -1.5773136963 
0 -0.601102453492 -0.458423397534 -0.536673409937 -0.307590655219 -4.99393428881 
0 -0.269079159592 -0.316026816313 -0.287442719656 -0.142843095468 -4.52669337743 
0 -0.368686147762 -0.372985448801 -0.501069025611 -0.208742119369 -2.28267985241 
0 -0.0698651832517 -0.259068183825 -0.429860256959 -0.307590655219 -0.690394064981 
0 -0.468293135932 -0.458423397534 -0.323047103982 -0.340540167169 -4.63480831477 
0 -0.335483818372 -0.42994408129 -0.216233951004 -0.274641143269 -5.37485087036 
0 -0.269079159592 -0.42994408129 -0.216233951004 -0.37348967912 -5.17831635249 
0 -0.534697794712 -0.458423397534 -0.536673409937 -0.47233821497 -4.00937597377 
0 -0.335483818372 -0.287547500069 -0.180629566678 -0.208742119369 -3.82027959596 
0 -0.0698651832517 -0.259068183825 -0.216233951004 -0.307590655219 -3.60771641004 
0 -0.401888477152 -0.372985448801 -0.358651488308 -0.274641143269 -1.84047718719 
0 -0.235876830202 -0.287547500069 -0.287442719656 -0.109893583518 -2.09389776221 
0 -0.136269842032 -0.287547500069 -0.00260764504923 -0.175792607419 -4.27054897647 
0 -0.269079159592 -0.287547500069 -0.180629566678 -0.109893583518 0.291126136509 
0 -0.00346052447164 -0.173630235092 -0.109420798027 -0.142843095468 -0.603755447558 
0 -0.335483818372 -0.42994408129 -0.180629566678 -0.307590655219 -1.42121751739 
0 -0.269079159592 -0.344506132557 -0.145025182353 -0.274641143269 -0.236981808385 
0 -0.235876830202 -0.287547500069 -0.145025182353 -0.109893583518 -4.39448305677 
0 -0.0698651832517 -0.259068183825 -0.0738164137009 -0.208742119369 -2.01951636152 
0 -0.202674500812 -0.259068183825 -0.0382120293751 -0.208742119369 -1.17125410606 
0 -0.136269842032 -0.287547500069 -0.0738164137009 -0.307590655219 -5.0049343551 
0 -0.202674500812 -0.344506132557 -0.109420798027 -0.307590655219 -5.19958314733 
0 -0.435090806542 -0.486902713778 -0.394255872633 -0.571186750821 -4.10848133299 
0 -0.634304782882 -0.629299294999 -0.501069025611 -0.571186750821 -3.05373211871 
0 -0.567900124102 -0.600819978755 -0.536673409937 -0.604136262771 -2.63751056246 
0 -0.700709441662 -0.77169587622 -0.821508484544 -0.900681870322 -4.09412886554 
1 -1.06593506495 -1.11344767115 -1.49799178673 -1.29607601372 -0.615803139219 
0 -1.39795835885 -0.543861346266 -1.28436548078 -0.40643919107 -2.28163222705 
1 -0.368686147762 -0.42994408129 -0.25183833533 -0.340540167169 -3.23486654377 
0 -0.335483818372 -0.0881922863598 -0.109420798027 -0.0439945596179 0.0491246779288 
0 0.0297418049184 -0.0312336538715 0.139809892254 0.0548539762325 3.09572399264 
0 0.0961464636985 -0.116671602604 -0.216233951004 -0.307590655219 0.399974411603 
0 -0.468293135932 -0.372985448801 -0.323047103982 -0.208742119369 -1.38182680378 
0 -0.401888477152 -0.486902713778 -0.429860256959 -0.47233821497 -3.30180980439 
0 -0.534697794712 -0.657778611243 -0.572277794263 -0.735934310571 -5.0208582606 
0 -0.534697794712 -0.657778611243 -1.64040932404 -1.13132845397 0.398822023705 
0 -1.29835137068 -1.14192698739 -1.24876109645 -1.23017698982 -2.29787042016 
0 -1.2319467119 -0.828654508708 -1.07073917482 -0.933631382272 -5.1103254665 
0 -0.999530406173 -0.971051089929 -0.963926021847 -1.03247991812 -4.45115958885 
0 -0.933125747393 -0.800175192464 -0.857112868869 -0.834782846422 -4.58357943458 
0 -0.733911771052 -0.714737243731 -0.857112868869 -0.702984798621 -4.06814775656 
0 -0.700709441662 -0.714737243731 -0.67909094724 -0.604136262771 -3.46681079888 
0 -0.733911771052 -0.800175192464 -0.821508484544 -0.900681870322 -4.56199835213 
0 -1.03273273556 -1.02800972242 -0.999530406173 -0.999530406173 0.458012856647 
0 -1.13233972373 -1.08496835491 -1.07073917482 -1.03247991812 -2.6758536507 
0 -1.19874438251 -1.17040630364 -1.14194794348 -1.19722747787 -2.46109045153 
0 -1.29835137068 -1.19888561988 -1.14194794348 -1.23017698982 -3.35073390879 
0 -1.33155370007 -1.19888561988 -1.1775523278 -1.26312650177 -3.07877036486 
0 -1.19874438251 -1.22736493613 -1.1775523278 -1.32902552567 -2.04937368433 
0 -1.29835137068 -1.22736493613 -1.1775523278 -1.32902552567 -2.96981732723 
0 -1.49756534702 -1.45519946608 -1.53359617106 -1.65852064518 2.60585437345 
0 -1.79638631153 -1.62607536354 -1.88964001432 -1.82326820493 7.80899049547 
0 -1.82958864092 -1.65455467979 -1.74722247702 -1.79031869298 -0.719937100184 
0 -1.79638631153 -1.68303399603 -1.92524439864 -1.95506625273 -0.657289103547 
0 -1.92919562909 -1.73999262852 -1.85403562999 -1.88916722883 -2.48612869768 
0 -2.02880261726 -1.68303399603 -1.92524439864 -1.82326820493 -0.800289965436 
0 -1.79638631153 -1.62607536354 -1.71161809269 -1.65852064518 1.1710266779 
0 -1.63037466458 -1.56911673106 -1.64040932404 -1.72441966908 -1.7220955213 
0 -1.72998165275 -1.5975960473 -1.81843124567 -1.92211674078 2.18156610192 
0 -1.86279097031 -1.62607536354 -1.81843124567 -1.82326820493 -0.518164455497 
0 -1.82958864092 -1.56911673106 -1.71161809269 -1.82326820493 -1.82298184365 
0 -1.69677932336 -1.51215809857 -1.67601370836 -1.62557113323 -0.0252567227605 
0 -1.5639700058 -1.28432356861 -1.49799178673 -1.42787406152 3.85734763068 
0 -1.29835137068 -1.14192698739 -1.31996986511 -1.39492454957 -1.50209419532 
0 -1.39795835885 -1.28432356861 -1.35557424943 -1.46082357348 -1.51927525125 
0 -1.53076767641 -1.45519946608 -1.56920055539 -1.62557113323 -2.03020214021 
0 -1.66357699397 -1.54063741481 -1.56920055539 -1.62557113323 -3.62070696453 
0 -1.5639700058 -1.3412822011 -1.46238740241 -1.32902552567 0.948196763444 
0 -1.39795835885 -1.36976151735 -1.39117863376 -1.42787406152 -1.74220992825 
0 -1.33155370007 -1.31280288486 -1.35557424943 -1.39492454957 -2.54448143033 
0 -1.39795835885 -1.36976151735 -1.49799178673 -1.62557113323 -5.12027790744 
0 -1.5639700058 -1.51215809857 -1.56920055539 -1.59262162128 -1.16098737751 
0 -1.66357699397 -1.5975960473 -1.74722247702 -1.85621771688 0.432555560355 
0 -1.82958864092 -1.76847194476 -2.1388707046 -2.21866234833 -1.11625377456 
0 -2.42723056994 -2.22414100467 -2.63733208516 -2.67995551563 -1.55206592508 
1 -2.65964687567 -2.39501690214 -2.85095839112 -2.81175356343 0.18353501185 
0 -2.79245619323 -2.13870305594 -2.74414523814 -2.48225844393 -2.50896693057 
0 -2.26121892299 -2.13870305594 -2.70854085381 -2.64700600368 -2.19698409782 
0 -2.62644454628 -2.33805826965 -2.74414523814 -2.48225844393 -3.38121980682 
0 -2.52683755811 -2.33805826965 -2.67293646949 -2.61405649173 -3.80246996481 
0 -2.75925386384 -2.39501690214 -2.74414523814 -2.77880405148 -4.36630193454 
0 -2.85886085201 -2.65133074833 -3.20700223437 -3.04240014708 0.222087625165 
0 -2.85886085201 -2.36653758589 -2.85095839112 -2.61405649173 5.15315544072 
0 -2.72605153445 -2.48045485087 -2.85095839112 -2.71290502758 -0.204819709777 
0 -2.72605153445 -2.45197553462 -2.81535400679 -2.77880405148 -3.40479137746 
1 -2.79245619323 -2.50893416711 -2.92216715977 -2.74585453953 1.52177164904 
0 -2.69284920506 -2.16718237218 -2.67293646949 -2.41635942003 15.8422865325 
0 -2.36082591116 -2.16718237218 -2.45931016353 -2.31751088418 4.40787475832 
0 -2.19481426421 -1.99630647472 -2.2812882419 -2.31751088418 10.4301491507 
1 -2.29442125238 -2.13870305594 -2.42370577921 -2.35046039613 5.93164584709 
0 -2.39402824055 -1.65455467979 -2.35249701055 -1.69147015713 11.8430814762 
0 -1.8959932997 -1.68303399603 -1.92524439864 -1.72441966908 15.8533913613 
0 -1.79638631153 -1.48367878232 -1.78282686134 -1.59262162128 11.7607381228 
0 -1.66357699397 -1.54063741481 -1.60480493971 -1.69147015713 17.9826899092 
0 -1.72998165275 -1.65455467979 -1.74722247702 -1.85621771688 7.89887675152 
0 -1.8959932997 -1.73999262852 -2.03205755162 -2.02096527663 13.2372613077 
0 -2.26121892299 -2.02478579096 -2.42370577921 -2.35046039613 22.6987850005 
0 -2.32762358177 -1.93934784223 -2.31689262623 -2.15276332443 9.28687559339 
0 -2.09520727604 -1.82543057725 -2.10326632027 -2.05391478858 5.59305333015 
0 -2.12840960543 -1.93934784223 -2.24568385758 -2.18571283638 -0.334096679425 
0 -2.2280165936 -1.88238920974 -2.1388707046 -2.05391478858 1.26185579677 
0 -2.09520727604 -1.88238920974 -2.70854085381 -2.64700600368 22.9427769473 
0 -2.79245619323 -2.50893416711 -2.95777154409 -2.94355161123 15.1274917481 
0 -2.95846784018 -2.67981006458 -3.13579346572 -3.04240014708 9.90455550672 
0 -2.99167016957 -2.76524801331 -3.06458469707 -3.00945063513 -0.230277006069 
0 -2.99167016957 -2.62285143209 -2.99337592842 -2.87765258733 8.19346900326 
0 -2.8920631814 -2.53741348336 -2.88656277544 -2.77880405148 3.68008941946 
0 -2.72605153445 -2.53741348336 -2.92216715977 -2.77880405148 2.69291204102 
1 -2.75925386384 -2.53741348336 -2.85095839112 -2.74585453953 -2.24894631576 
0 -2.75925386384 -2.33805826965 -2.70854085381 -2.48225844393 3.49717403129 
0 -2.49363522872 -2.19566168843 -2.56612331651 -2.41635942003 6.95266152472 
0 -2.5600398875 -2.28109963716 -2.70854085381 -2.71290502758 4.84431548406 
0 -2.69284920506 -2.42349621838 -2.77974962246 -2.81175356343 2.96969466161 
0 -2.85886085201 -2.53741348336 -2.95777154409 -2.81175356343 -1.18791134931 
0 -2.82565852262 -2.53741348336 -2.88656277544 -2.71290502758 -0.825328211583 
0 -2.72605153445 -2.53741348336 -2.99337592842 -2.91060209928 0.986539851686 
0 -2.75925386384 -2.5658927996 -3.59865046196 -3.43779429048 8.34516515565 
0 -3.39009812226 -2.76524801331 -3.42062854033 -3.04240014708 2.48349173119 
0 -3.29049113409 -2.73676869707 -3.27821100303 -3.14124868293 7.02704292541 
1 -3.12447948714 -2.62285143209 -3.20700223437 -2.94355161123 18.2809488497 
0 -2.95846784018 -2.36653758589 -2.92216715977 -2.51520795588 47.9402704682 
0 -2.65964687567 -2.45197553462 -2.88656277544 -2.71290502758 20.5371148289 
0 -2.75925386384 -2.42349621838 -2.81535400679 -2.71290502758 9.55590578631 
0 -2.72605153445 -2.45197553462 -2.81535400679 -2.64700600368 -0.0467330426779 
0 -2.65964687567 -2.42349621838 -2.92216715977 -2.74585453953 0.142887147812 
0 -2.95846784018 -2.5658927996 -3.13579346572 -3.10829917098 0.138906171437 
0 -3.29049113409 -2.90764459453 -3.385024156 -3.30599624268 10.7259985529 
0 -3.35689579287 -2.90764459453 -3.56304607763 -3.53664282634 6.63942154154 
0 -3.62251442799 -3.078520492 -3.81227676791 -3.66844087414 6.13698041801 
0 -3.62251442799 -3.24939638946 -3.81227676791 -3.53664282634 6.92175657655 
1 -3.52290743982 -3.02156185951 -3.52744169331 -3.27304673073 6.08816107615 
0 -3.35689579287 -2.48045485087 -3.385024156 -2.64700600368 3.45306900356 
0 -2.72605153445 -2.48045485087 -2.77974962246 -2.81175356343 1.29705600893 
0 -2.92526551079 -2.53741348336 -2.99337592842 -3.00945063513 1.83375448179 
1 -3.02487249897 -2.59437211585 -2.99337592842 -2.84470307538 4.896277702 
0 -2.95846784018 -2.36653758589 -2.92216715977 -2.51520795588 1.24509379098 
0 -2.46043289933 -2.11022373969 -2.45931016353 -2.31751088418 3.54117429649 
0 -2.19481426421 -1.93934784223 -2.31689262623 -2.08686430053 2.80741749307 
0 -1.99560028787 -1.73999262852 -2.10326632027 -1.95506625273 3.01002823804 
0 -2.06200494665 -1.88238920974 -2.45931016353 -2.35046039613 0.0599152191555 
0 -2.06200494665 -1.96782715847 -2.21007947325 -2.11981381248 0.986958901831 
0 -2.12840960543 -1.99630647472 -2.38810139488 -2.11981381248 -1.32221692069 
0 -2.26121892299 -2.08174442345 -2.42370577921 -2.31751088418 -3.17494237308 
0 -2.12840960543 -2.02478579096 -2.24568385758 -2.21866234833 -3.77376502989 
0 -2.32762358177 -1.88238920974 -2.38810139488 -1.95506625273 -1.51602761263 
0 -2.19481426421 -2.05326510721 -2.45931016353 -2.51520795588 1.00298756987 
0 -2.5600398875 -2.19566168843 -2.60172770084 -2.51520795588 -2.92089322283 
1 -2.39402824055 -2.22414100467 -2.53051893218 -2.51520795588 0.971873096621 
0 -2.52683755811 -2.08174442345 -2.45931016353 -2.18571283638 1.37185645976 
0 -2.19481426421 -1.96782715847 -2.2812882419 -2.25161186028 -4.04038568448 
0 -2.42723056994 -2.13870305594 -2.60172770084 -2.54815746783 0.378183804077 
0 -2.49363522872 -2.13870305594 -2.49491454786 -2.25161186028 0.65276641141 
0 -2.26121892299 -1.96782715847 -2.35249701055 -2.15276332443 -3.4738298888 
0 -2.16161193482 -1.76847194476 -2.1388707046 -1.82326820493 -1.47642737395 
0 -1.8959932997 -1.82543057725 -2.21007947325 -1.95506625273 -0.956595669419 
0 -1.79638631153 -1.51215809857 -1.85403562999 -1.65852064518 1.33078954558 
0 -1.72998165275 -1.62607536354 -1.78282686134 -1.82326820493 -3.46796318678 
0 -1.66357699397 -1.56911673106 -1.64040932404 -1.59262162128 -3.58624009013 
0 -1.69677932336 -1.62607536354 -1.81843124567 -1.85621771688 -1.22070202313 
0 -1.96239795848 -1.71151331228 -1.92524439864 -2.02096527663 -3.92776595808 
0 -2.06200494665 -1.56911673106 -1.96084878297 -1.62557113323 -2.91775034675 
0 -1.82958864092 -1.5975960473 -1.96084878297 -1.69147015713 -2.81728307455 
0 -1.86279097031 -1.56911673106 -1.78282686134 -1.72441966908 -3.92430879439 
0 -1.66357699397 -1.62607536354 -1.74722247702 -1.65852064518 -3.66743105567 
0 -1.66357699397 -1.56911673106 -1.71161809269 -1.65852064518 -2.4439093956 
0 -1.99560028787 -1.62607536354 -1.96084878297 -2.05391478858 1.80358287137 
0 -2.16161193482 -1.82543057725 -2.31689262623 -1.88916722883 -0.218962652161 
0 -2.09520727604 -1.79695126101 -2.10326632027 -2.05391478858 -0.96864336108 
0 -2.06200494665 -1.96782715847 -2.24568385758 -2.31751088418 -1.31163590454 
0 -2.46043289933 -2.19566168843 -2.60172770084 -2.64700600368 -0.535135986359 
0 -2.65964687567 -2.39501690214 -2.77974962246 -2.71290502758 0.679061807992 
0 -2.79245619323 -2.45197553462 -2.74414523814 -2.67995551563 -3.35932443676 
1 -2.69284920506 -2.36653758589 -2.88656277544 -2.51520795588 0.562042055076 
0 -2.72605153445 -2.13870305594 -2.67293646949 -2.28456137223 -2.4279854901 
0 -2.36082591116 -1.99630647472 -2.31689262623 -2.15276332443 -2.18671736927 
0 -2.16161193482 -1.93934784223 -2.24568385758 -2.31751088418 -0.838423528606 
0 -2.32762358177 -1.93934784223 -2.24568385758 -2.05391478858 -2.47659530689 
0 -2.06200494665 -1.82543057725 -2.03205755162 -1.88916722883 -1.43997001136 
1 -2.02880261726 -1.8539098935 -2.1388707046 -2.15276332443 -2.75976844219 
1 -2.19481426421 -1.68303399603 -2.10326632027 -1.75736918103 0.0813915390728 
1 -1.76318398214 -1.25584425237 -1.67601370836 -1.26312650177 5.68597769974 
0 -1.26514904129 -0.316026816313 -1.10634355915 -0.208742119369 9.61677281983 
1 -0.269079159592 0.225080192326 -0.394255872633 -0.0769440715681 7.83099062807 
0 -0.0698651832517 0.225080192326 0.0686011236024 0.483197631585 3.99133891446 
1 0.527776745769 0.25355950857 0.104205507928 -0.0769440715681 5.58571995262 
0 -0.302281488982 0.0257249786168 -0.0738164137009 -0.0769440715681 -0.17810526305 
1 0.228955781259 0.0257249786168 0.139809892254 -0.0110450476678 -1.55856120232 
0 -0.235876830202 -0.116671602604 -0.0382120293751 -0.0439945596179 -2.02569735116 
0 0.328562769429 0.0826836111051 -0.0738164137009 0.153702512083 0.116906038839 
0 0.0629441343084 -0.00275433762736 0.17541427658 0.0548539762325 -1.30985494143 
0 -0.0698651832517 -0.145150918848 -0.109420798027 -0.142843095468 -0.291039277055 
0 -0.136269842032 -0.316026816313 -0.323047103982 -0.40643919107 0.683252309439 
0 -0.202674500812 0.367476773547 -0.0382120293751 0.186652024033 5.61264392442 
0 0.0297418049184 0.0826836111051 0.211018660906 0.0548539762325 0.186992175544 
0 -0.0698651832517 -0.0597129701157 -0.0382120293751 0.120753000133 -1.55866596486 
0 0.129348793089 0.0257249786168 -0.0382120293751 -0.208742119369 2.7756744446 
0 -0.335483818372 0.0826836111051 -0.145025182353 0.0878034881827 0.876539188695 
0 -0.0366628538617 0.395956089791 -0.0738164137009 -0.208742119369 0.463355745993 
0 -0.335483818372 -0.458423397534 -0.999530406173 -0.867732358372 11.4875174284 
0 -0.866721088613 -0.629299294999 -0.67909094724 -0.801833334472 2.82103662277 
1 -0.634304782882 -0.629299294999 -0.429860256959 -0.604136262771 1.28553212995 
1 -0.800316429833 -0.287547500069 -0.607882178589 -0.37348967912 0.594937491437 
0 -0.169472171422 0.196600876082 -0.00260764504923 0.417298607684 0.820805519446 
0 0.262158110649 0.310518141058 0.353436198209 0.0878034881827 -1.57396129514 
0 0.262158110649 0.424435406035 0.389040582535 0.318450071834 -0.162181357551 
0 0.361765098819 0.424435406035 0.567062504164 0.582046167435 -2.74049213553 
0 0.560979075159 0.538352671012 0.495853735513 0.516147143535 -1.19053041271 
0 0.859800039669 0.766187200965 0.923106347423 0.713844215236 1.34021817384 
0 0.760193051499 0.737707884721 0.460249351187 0.450248119635 1.78912564138 
0 0.594181404549 0.367476773547 0.745084425793 0.582046167435 -4.1834913089 
0 0.594181404549 0.481394038523 0.424644966861 0.153702512083 -3.19275200423 
0 0.162551122479 0.310518141058 0.389040582535 0.417298607684 -3.78204127025 
0 0.262158110649 0.225080192326 0.495853735513 0.384349095734 -2.23867958722 
1 0.361765098819 0.282038824814 0.460249351187 0.318450071834 -1.90982998614 
0 0.262158110649 0.538352671012 0.531458119838 0.845642263037 1.90509776893 
0 0.859800039669 0.623790619744 0.673875657142 0.549096655485 -0.383439833967 
0 0.527776745769 0.310518141058 0.353436198209 0.483197631585 3.12317177712 
0 0.295360440039 0.424435406035 0.531458119838 0.483197631585 -1.98305899893 
0 0.328562769429 0.481394038523 0.531458119838 0.779743239136 -0.144476488936 
0 0.560979075159 0.424435406035 0.567062504164 0.647945191336 -2.68737752968 
0 0.594181404549 0.538352671012 0.495853735513 0.779743239136 -0.948528954133 
0 0.660586063329 0.509873354767 0.567062504164 0.384349095734 -3.30861936924 
0 0.394967428209 0.196600876082 0.0329967392766 0.0219044642824 -0.51177394079 
1 0.0629441343084 -0.0881922863598 0.104205507928 -0.0439945596179 0.00774347613682 
0 -0.0366628538617 0.452914722279 0.211018660906 0.582046167435 5.50442422454 
0 0.660586063329 0.538352671012 0.816293194445 0.582046167435 -2.63112004775 
0 0.594181404549 0.623790619744 0.709480041468 0.911541286937 -1.86499162065 
0 0.926204698449 0.794666517209 0.958710731748 1.01038982279 -1.85566775493 
0 0.926204698449 0.93706309843 1.20794142203 1.20808689449 1.18118864391 
1 1.12541867479 0.880104465941 1.06552388473 0.845642263037 -1.6827048077 
0 1.02581168662 0.880104465941 1.06552388473 1.10923835864 -1.32535979678 
0 1.4242396393 1.27881489336 1.35035895933 1.01038982279 -1.4033031237 
1 0.826597710279 0.680749252232 0.887501963097 0.582046167435 5.50410993693 
1 0.693788392719 0.794666517209 0.923106347423 1.14218787059 1.61930557023 
0 1.25822799235 1.76296326951 1.49277649664 1.99887518129 1.88571669974 
0 1.88907225076 1.64904600453 2.02684226152 1.86707713349 -2.68821562997 
0 1.68985827442 1.39273215834 1.77761157124 1.73527908569 -1.42771279463 
1 1.55704895686 1.53512873956 1.59958964961 1.47168299009 -1.52608481611 
0 1.25822799235 1.44969079082 1.59958964961 1.53758201399 -0.243267560555 
1 1.68985827442 1.25033557712 1.27915019068 1.10923835864 -0.300886955456 
0 1.12541867479 0.908583782186 1.10112826905 1.01038982279 1.15918851131 
0 1.52384662747 1.10793899589 1.42156772798 1.33988494229 -2.55317672083 
0 1.49064429808 1.10793899589 1.52838088096 1.37283445424 1.4625808161 
0 1.49064429808 1.07945967965 1.56398526529 1.43873347814 0.910796538027 
0 1.4242396393 1.22185626087 1.49277649664 1.50463250204 0.855586681459 
1 1.45744196869 1.07945967965 1.1723370377 0.977440310837 3.2817822569 
0 0.926204698449 0.880104465941 1.20794142203 1.10923835864 -1.63294260301 
1 1.4242396393 1.02250104716 0.994315116074 0.845642263037 -1.05192957735 
0 1.05901401601 1.27881489336 1.31475457501 1.14218787059 4.14764461844 
0 1.72306060381 1.27881489336 1.70640280259 1.53758201399 -2.87228340605 
0 1.52384662747 1.19337694463 1.52838088096 1.57053152594 -1.35919809597 
1 1.82266759198 1.42121147458 1.52838088096 1.43873347814 -2.61498661718 
0 1.49064429808 1.42121147458 1.81321595557 1.70232957374 -1.33457889996 
0 1.92227458015 1.44969079082 1.81321595557 1.66938006179 -2.82681646534 
0 1.52384662747 1.33577352585 1.81321595557 1.60348103789 -1.6314759275 
0 1.7562629332 1.3072942096 1.84882033989 1.66938006179 -0.379354095056 
0 1.78946526259 1.62056668829 2.06244664585 1.90002664544 3.36653514867 
0 1.85586992137 1.59208737205 1.35035895933 1.10923835864 1.47452374522 
1 1.29143032174 0.994021730918 1.24354580636 1.14218787059 1.71222993982 
0 1.12541867479 1.36425284209 1.38596334366 1.80117810959 1.83364971925 
0 1.62345361564 1.5636080558 1.74200718692 1.73527908569 4.34711248734 
0 1.92227458015 1.5636080558 2.06244664585 1.83412762154 3.68239419526 
0 1.78946526259 1.50664942331 1.31475457501 0.977440310837 1.01157809783 
0 1.05901401601 0.93706309843 1.31475457501 1.14218787059 -0.576621950687 
0 1.02581168662 1.02250104716 1.31475457501 1.30693543034 -2.13014559973 
0 1.29143032174 1.07945967965 1.42156772798 1.33988494229 -2.65657734405 
0 1.25822799235 1.22185626087 1.59958964961 1.57053152594 -2.55150052026 
0 1.49064429808 1.27881489336 1.10112826905 0.779743239136 0.0910296924016 
0 0.826597710279 0.737707884721 1.0299195004 0.746793727186 -2.28372747777 
0 0.760193051499 0.680749252232 0.673875657142 0.746793727186 -1.11300613594 
0 0.826597710279 0.680749252232 0.958710731748 0.779743239136 -1.26512133848 
0 0.760193051499 0.481394038523 0.317831813883 0.285500559884 5.24733696075 
1 0.0961464636985 0.310518141058 0.317831813883 0.186652024033 -0.929671697621 
1 0.0297418049184 0.310518141058 -0.0738164137009 0.384349095734 -0.486945219715 
0 0.859800039669 0.823145833453 0.887501963097 1.17513738254 -0.445668780459 
0 1.45744196869 1.05098036341 1.42156772798 1.24103640644 3.26407738828 
0 0.893002369059 0.908583782186 0.958710731748 1.14218787059 0.106953597901 
0 1.0922163454 0.965542414674 1.0299195004 0.779743239136 -0.580498164526 
0 1.25822799235 0.965542414674 1.56398526529 1.33988494229 0.107791698191 
0 1.59025128625 1.5636080558 1.74200718692 1.50463250204 4.60399022605 
0 1.72306060381 1.36425284209 1.63519403394 1.40578396619 4.53945650377 
0 1.55704895686 1.44969079082 1.70640280259 1.60348103789 -2.23019382179 
0 1.45744196869 1.27881489336 1.56398526529 1.40578396619 -1.10661562123 
0 1.29143032174 1.13641831214 1.59958964961 1.53758201399 1.56587667677 
1 1.4242396393 1.10793899589 1.31475457501 1.14218787059 -1.24060690501 
0 1.0922163454 0.994021730918 1.38596334366 1.24103640644 -2.13559325161 
0 1.45744196869 1.05098036341 1.45717211231 1.24103640644 -4.90279088233 
0 1.15862100418 0.880104465941 1.27915019068 1.07628884669 -3.30484791794 
0 0.992609357229 0.823145833453 1.27915019068 1.10923835864 -3.1269611315 
0 1.05901401601 0.823145833453 1.10112826905 0.878591774987 -2.2455939146 
0 0.926204698449 0.794666517209 1.13673265338 0.878591774987 -2.62598668348 
0 0.859800039669 0.709228568476 0.958710731748 0.713844215236 -2.55003384475 
1 0.793395380889 0.5953113035 0.851897578771 0.582046167435 1.64277237833 
0 0.793395380889 0.994021730918 0.780688810119 1.24103640644 4.64442856502 
0 1.25822799235 1.16489762838 1.52838088096 1.53758201399 -0.686098800997 
0 1.35783498052 0.994021730918 1.13673265338 0.845642263037 2.38931021116 
0 0.793395380889 0.794666517209 0.958710731748 0.878591774987 -1.75499095766 
0 0.793395380889 0.766187200965 1.06552388473 1.07628884669 -2.00285911827 
0 1.0922163454 0.794666517209 0.851897578771 0.647945191336 1.83584973251 
0 0.793395380889 0.538352671012 0.958710731748 0.779743239136 -0.309058433278 
0 0.826597710279 0.538352671012 0.353436198209 0.252551047934 7.02243337382 
0 0.361765098819 0.310518141058 0.389040582535 0.582046167435 2.18198515206 
0 0.660586063329 0.566831987256 0.851897578771 0.878591774987 -1.06649156987 
0 0.693788392719 0.538352671012 0.638271272816 0.417298607684 -2.42327117597 
0 0.328562769429 0.168121559838 0.389040582535 0.120753000133 0.684928510018 
1 0.195753451869 0.0542042948609 0.17541427658 0.0878034881827 1.50469535564 
0 0.162551122479 0.538352671012 0.353436198209 0.483197631585 -0.958586157607 
0 0.527776745769 0.424435406035 0.745084425793 0.582046167435 -3.39232463565 
0 0.627383733939 0.338997457302 -0.25183833533 -0.47233821497 13.3589953748 
0 -0.501495465322 -0.42994408129 -0.429860256959 -0.40643919107 -2.65647258151 
0 -0.269079159592 -0.287547500069 -0.109420798027 -0.208742119369 -0.694270278819 
1 -0.169472171422 -0.259068183825 -0.0382120293751 -0.109893583518 -3.58749724056 
0 -0.136269842032 -0.116671602604 -0.145025182353 0.0878034881827 -0.956490906883 
0 0.195753451869 0.139642243593 0.353436198209 0.285500559884 -0.865242737869 
0 0.394967428209 0.481394038523 0.460249351187 0.516147143535 -0.905995364443 
0 0.527776745769 0.424435406035 0.353436198209 0.614995679385 -0.163333745449 
0 0.428169757599 0.310518141058 0.282227429557 0.186652024033 -1.15993975215 
1 -0.0366628538617 0.0826836111051 0.17541427658 -0.0769440715681 2.72255983876 
0 -0.00346052447164 0.282038824814 0.17541427658 0.483197631585 3.60591754385 
0 0.992609357229 0.652269935988 0.17541427658 -0.0769440715681 0.453508067592 
0 0.0961464636985 0.0542042948609 0.211018660906 0.153702512083 -2.22987953418 
0 0.162551122479 0.0826836111051 0.282227429557 0.318450071834 -3.70944083268 
1 0.195753451869 0.139642243593 0.389040582535 0.219601535983 -3.26839055535 
0 0.228955781259 0.395956089791 0.495853735513 0.647945191336 -1.8752583492 
0 0.560979075159 0.367476773547 0.638271272816 0.450248119635 -0.88305236902 
1 0.228955781259 0.168121559838 0.353436198209 0.186652024033 -2.79748295521 
0 0.129348793089 0.282038824814 0.317831813883 0.450248119635 -3.37021974052 
0 0.793395380889 0.766187200965 0.780688810119 0.977440310837 3.26198213756 
0 0.726990722109 0.538352671012 0.424644966861 0.252551047934 0.161534879252 
0 0.361765098819 0.282038824814 0.424644966861 0.450248119635 -1.84372482581 
0 0.461372086989 0.481394038523 0.60266688849 0.746793727186 -3.28808591215 
0 0.594181404549 0.452914722279 0.780688810119 0.582046167435 -5.31597432503 
0 0.494574416379 0.282038824814 0.567062504164 0.384349095734 -2.98238883157 
0 0.760193051499 0.680749252232 0.424644966861 0.153702512083 -1.20896861908 
0 0.195753451869 0.0826836111051 0.211018660906 0.120753000133 -2.67009171121 
0 -0.00346052447164 -0.0881922863598 -0.180629566678 -0.175792607419 0.948930101197 
0 -0.169472171422 -0.145150918848 -0.0382120293751 -0.175792607419 -3.20752352183 
0 -0.103067512642 -0.145150918848 -0.0382120293751 -0.241691631319 -2.60922467769 
0 -0.235876830202 -0.259068183825 -0.145025182353 -0.340540167169 3.39230673257 
0 -0.302281488982 -0.259068183825 -0.109420798027 -0.208742119369 -1.79427690873 
0 -0.0366628538617 0.0826836111051 -0.00260764504923 -0.241691631319 2.83989387928 
0 0.0297418049184 -0.00275433762736 -0.180629566678 -0.340540167169 -0.190572004856 
0 -0.335483818372 -0.372985448801 -0.25183833533 -0.340540167169 -2.20756511397 
0 -0.335483818372 -0.42994408129 -0.536673409937 -0.47233821497 1.78807801602 
0 -0.567900124102 -0.57234066251 -0.821508484544 -0.834782846422 5.18563182694 
0 -0.700709441662 -0.629299294999 -0.607882178589 -0.50528772692 2.80385556684 
0 -0.534697794712 -0.543861346266 -0.394255872633 -0.50528772692 -1.74189564064 
0 -0.501495465322 -0.543861346266 -0.394255872633 -0.40643919107 0.0994106952962 
0 -0.501495465322 -0.515382030022 -0.323047103982 -0.43938870302 -3.24775233572 
0 -0.501495465322 -0.543861346266 -0.501069025611 -0.50528772692 -1.78181016693 
0 -0.567900124102 -0.686257927487 -0.857112868869 -0.702984798621 8.12306857895 
1 -0.800316429833 -0.686257927487 -0.714695331566 -0.801833334472 -0.578088626193 
0 -0.733911771052 -0.458423397534 -0.607882178589 -0.340540167169 1.48541904899 
0 -0.335483818372 -0.316026816313 -0.216233951004 -0.340540167169 -3.46523936084 
1 -0.202674500812 -0.372985448801 -0.180629566678 -0.37348967912 -2.8252450273 
0 -0.468293135932 -0.145150918848 -0.25183833533 -0.175792607419 0.415060216813 
0 -0.136269842032 -0.230588867581 -0.25183833533 -0.340540167169 -2.12815511154 
0 -0.401888477152 -0.401464765046 -0.501069025611 -0.47233821497 -0.36112541376 
0 -0.468293135932 -0.458423397534 -0.287442719656 -0.47233821497 -3.48933474416 
0 -0.667507112272 -0.543861346266 -0.892717253195 -0.40643919107 2.31042402142 
0 -0.368686147762 -0.515382030022 -0.821508484544 -0.867732358372 3.31635389384 
0 -0.468293135932 -0.287547500069 -0.394255872633 -0.208742119369 -0.0764856029536 
1 -0.169472171422 -0.145150918848 -0.0382120293751 0.0219044642824 -2.13412657611 
0 -0.0698651832517 0.338997457302 0.17541427658 0.549096655485 1.36986597158 
0 0.328562769429 0.139642243593 0.389040582535 0.384349095734 0.328316836854 
0 0.162551122479 -0.0312336538715 -0.145025182353 -0.340540167169 2.84628439399 
0 -0.335483818372 -0.344506132557 -0.394255872633 -0.37348967912 -1.49130365409 
0 -0.335483818372 -0.259068183825 -0.287442719656 -0.274641143269 -1.53687535733 
0 -0.136269842032 -0.259068183825 -0.358651488308 -0.50528772692 -0.523507344843 
0 -0.269079159592 -0.344506132557 -0.287442719656 -0.40643919107 -2.65814878209 
0 -0.302281488982 -0.287547500069 -0.465464641285 -0.670035286671 -0.874985653734 
0 -0.667507112272 -0.629299294999 -0.643486562914 -0.834782846422 -0.0744951147661 
0 -0.833518759223 -0.828654508708 -0.785904100218 -0.834782846422 3.36328751005 
0 -0.767114100442 -0.77169587622 -0.67909094724 -0.834782846422 -1.85357250421 
0 -0.634304782882 -0.486902713778 -0.536673409937 -0.53823723887 1.48395237348 
0 -0.534697794712 -0.600819978755 -0.572277794263 -0.735934310571 -1.0245865554 
0 -0.567900124102 -0.657778611243 -0.536673409937 -0.604136262771 -0.964871909778 
0 -0.634304782882 -0.515382030022 -0.67909094724 -0.37348967912 -1.06282488111 
0 -0.435090806542 -0.515382030022 -0.394255872633 -0.37348967912 -0.629422268923 
0 -0.468293135932 -0.344506132557 -0.25183833533 -0.307590655219 -1.62068538628 
0 -0.269079159592 -0.116671602604 -0.0738164137009 -0.142843095468 0.986120801541 
0 -0.0698651832517 -0.259068183825 -0.109420798027 -0.142843095468 -2.17854589145 
0 -0.103067512642 -0.202109551336 -0.0738164137009 -0.109893583518 -1.65976181227 
0 -0.202674500812 -0.259068183825 -0.0738164137009 -0.142843095468 -1.89579180629 
0 -0.103067512642 -0.287547500069 -0.216233951004 -0.307590655219 -2.63091052268 
0 -0.401888477152 -0.458423397534 -0.287442719656 -0.47233821497 -3.01507474286 
0 -0.435090806542 -0.458423397534 -0.501069025611 -0.670035286671 0.192544589962 
0 -0.733911771052 -0.714737243731 -0.67909094724 -0.834782846422 0.715519170583 
0 -0.833518759223 -0.77169587622 -0.750299715892 -0.834782846422 -0.33535382986 
0 -0.899923418003 -0.828654508708 -0.714695331566 -0.801833334472 -1.77028628795 
0 -0.833518759223 -0.857133824952 -0.750299715892 -0.867732358372 -2.64913920398 
1 -0.866721088613 -0.600819978755 -0.785904100218 -0.571186750821 1.43408540626 
0 -0.700709441662 -0.401464765046 -0.536673409937 -0.307590655219 -0.426811523947 
0 -0.368686147762 -0.0597129701157 -0.180629566678 0.0219044642824 2.16868030996 
0 -0.235876830202 -0.287547500069 -0.607882178589 -0.801833334472 11.1849632239 
0 -0.733911771052 -0.686257927487 -0.821508484544 -0.867732358372 8.86499686019 
0 -0.833518759223 -0.657778611243 -0.67909094724 -0.670035286671 4.09515858782 
0 -0.534697794712 -0.600819978755 -0.394255872633 -0.604136262771 -0.472383227186 
0 -0.534697794712 -0.57234066251 -0.465464641285 -0.670035286671 4.15895897235 
0 -0.667507112272 -0.57234066251 -0.465464641285 -0.571186750821 4.40735094564 
0 -0.401888477152 -0.145150918848 -0.358651488308 -0.109893583518 4.16011136025 
0 -0.169472171422 -0.173630235092 0.0686011236024 -0.0439945596179 -2.08436437142 
0 -0.0366628538617 -0.173630235092 0.0686011236024 -0.0439945596179 -1.54756113602 
0 0.0297418049184 -0.173630235092 0.0329967392766 -0.175792607419 -2.31431813834 
0 -0.235876830202 -0.344506132557 -0.25183833533 -0.340540167169 -2.29525135675 
0 -0.335483818372 -0.42994408129 -0.287442719656 -0.37348967912 -1.65504749815 
0 -0.401888477152 -0.287547500069 -0.287442719656 -0.142843095468 -2.48225248384 
0 -0.202674500812 -0.202109551336 -0.145025182353 -0.307590655219 -2.23155573476 
0 -0.202674500812 -0.0881922863598 -0.0738164137009 0.0878034881827 -0.985300604333 
0 -0.00346052447164 0.310518141058 0.246623045232 0.417298607684 1.12105494814 
0 0.0629441343084 0.168121559838 0.211018660906 0.120753000133 -0.985824417014 
0 -0.00346052447164 -0.0881922863598 0.17541427658 0.0548539762325 -1.24961648312 
0 0.0297418049184 -0.145150918848 -0.180629566678 -0.37348967912 5.70766354473 
0 -0.335483818372 -0.486902713778 -0.536673409937 -0.637085774721 5.29510867725 
0 -0.667507112272 -0.714737243731 -0.536673409937 -0.637085774721 5.77953064455 
0 -0.567900124102 -0.57234066251 -0.465464641285 -0.637085774721 -1.20310191706 
1 -0.534697794712 -0.515382030022 -0.358651488308 -0.37348967912 -3.69739314102 
0 -0.302281488982 0.111162927349 -0.109420798027 0.351399583784 7.35746396453 
0 0.262158110649 0.538352671012 0.531458119838 0.549096655485 4.15686372163 
0 0.560979075159 0.338997457302 0.353436198209 0.186652024033 -1.37784582741 
0 0.0629441343084 -0.0312336538715 0.139809892254 0.0548539762325 -4.32020641862 
1 -0.0366628538617 0.0257249786168 0.104205507928 -0.0439945596179 -3.62343079047 
0 -0.169472171422 -0.0881922863598 0.0686011236024 0.0878034881827 -2.59424363502 
0 0.162551122479 -0.0597129701157 0.211018660906 0.0219044642824 -2.4317569414 
0 -0.0698651832517 -0.230588867581 -0.216233951004 -0.40643919107 -1.53488486914 
0 -0.269079159592 -0.401464765046 -0.429860256959 -0.637085774721 2.19099473017 
0 -0.567900124102 -0.515382030022 -0.465464641285 -0.637085774721 -2.03743075521 
0 -0.601102453492 -0.458423397534 -0.394255872633 -0.43938870302 -3.26388576629 
0 -0.302281488982 -0.42994408129 -0.287442719656 -0.40643919107 -3.21517118697 
0 -0.468293135932 -0.515382030022 -0.394255872633 -0.47233821497 -2.48864299855 
0 -0.435090806542 -0.458423397534 -0.358651488308 -0.40643919107 -1.5970090531 
0 -0.368686147762 -0.42994408129 -0.323047103982 -0.53823723887 0.14760146194 
0 -0.435090806542 -0.543861346266 -0.394255872633 -0.571186750821 -3.11438962716 
1 -0.534697794712 -0.657778611243 -0.643486562914 -0.702984798621 3.03957127325 
0 -0.700709441662 -0.543861346266 -0.572277794263 -0.43938870302 -2.79088291543 
0 -0.368686147762 -0.259068183825 -0.287442719656 -0.40643919107 -1.56526600464 
0 -0.435090806542 -0.515382030022 -0.465464641285 -0.53823723887 -3.59535443077 
0 -0.601102453492 -0.458423397534 -0.394255872633 -0.53823723887 -1.35029328039 
0 -0.501495465322 -0.543861346266 -0.607882178589 -0.702984798621 -0.933338386387 
0 -0.800316429833 -0.743216559975 -0.607882178589 -0.768883822522 -2.85939761409 
0 -0.733911771052 -0.714737243731 -1.60480493971 -1.46082357348 6.70259335085 
0 -1.33155370007 -1.22736493613 -1.64040932404 -1.72441966908 1.06228316535 
0 -1.72998165275 -1.68303399603 -2.03205755162 -1.88916722883 3.73645166393 
0 -1.99560028787 -1.79695126101 -1.9964531673 -1.98801576468 -1.58024704731 
0 -1.82958864092 -1.76847194476 -1.9964531673 -2.02096527663 0.630137703595 
0 -2.06200494665 -1.76847194476 -2.35249701055 -2.28456137223 -1.09215839124 
0 -2.2280165936 -2.08174442345 -2.63733208516 -2.64700600368 2.5585017071 
0 -2.65964687567 -2.16718237218 -2.60172770084 -2.48225844393 2.50192993756 
1 -2.5600398875 -2.39501690214 -2.88656277544 -2.61405649173 5.17316508513 
0 -2.92526551079 -2.48045485087 -2.88656277544 -2.77880405148 2.79746505213 
0 -2.65964687567 -2.08174442345 -2.63733208516 -2.25161186028 -1.77238153867 
0 -2.42723056994 -2.19566168843 -2.49491454786 -2.38340990808 -1.45463676643 
0 -2.32762358177 -2.08174442345 -2.45931016353 -2.41635942003 -0.561640908013 
0 -2.49363522872 -2.19566168843 -2.53051893218 -2.51520795588 -2.99359842294 
0 -2.46043289933 -2.19566168843 -2.45931016353 -2.31751088418 -1.94482067323 
0 -2.19481426421 -1.93934784223 -2.31689262623 -2.11981381248 -1.70983830457 
0 -2.19481426421 -2.05326510721 -2.74414523814 -2.77880405148 0.171068270045 
0 -2.72605153445 -2.25262032092 -2.88656277544 -2.54815746783 1.60338166473 
0 -2.52683755811 -2.33805826965 -2.81535400679 -2.51520795588 -1.65064747163 
1 -2.52683755811 -2.36653758589 -2.81535400679 -2.84470307538 0.434231760934 
0 -2.95846784018 -2.59437211585 -3.02898031275 -2.87765258733 -0.345934846014 
0 -2.42723056994 -2.28109963716 -2.67293646949 -2.44930893198 2.37401488088 
0 -2.36082591116 -2.19566168843 -2.56612331651 -2.41635942003 -0.850471220267 
0 -2.52683755811 -2.05326510721 -2.49491454786 -2.18571283638 -1.11803473768 
0 -2.39402824055 -2.02478579096 -2.53051893218 -2.21866234833 0.302650015489 
0 -2.32762358177 -2.13870305594 -2.67293646949 -2.44930893198 0.626261489756 
0 -2.32762358177 -1.99630647472 -2.53051893218 -2.58110697978 0.507565536262 
1 -2.62644454628 -2.28109963716 -2.67293646949 -2.61405649173 -1.20142571648 
1 -2.65964687567 -2.22414100467 -2.63733208516 -2.51520795588 -3.31972419808 
0 -2.26121892299 -1.62607536354 -2.2812882419 -1.75736918103 6.84926090151 
1 -1.72998165275 -1.62607536354 -1.92524439864 -1.95506625273 0.890263080935 
0 -1.8959932997 -1.45519946608 -1.85403562999 -1.62557113323 0.131887081513 
0 -1.53076767641 -1.45519946608 -1.96084878297 -1.75736918103 0.383840981031 
0 -1.76318398214 -1.68303399603 -1.88964001432 -1.79031869298 -2.51148123143 
0 -1.72998165275 -1.54063741481 -1.71161809269 -1.59262162128 -2.65291065528 
0 -1.66357699397 -1.31280288486 -1.60480493971 -1.52672259738 -0.711765622362 
0 -1.46436301763 -1.36976151735 -1.49799178673 -1.49377308543 -1.51843715096 
0 -1.43116068824 -1.22736493613 -1.49799178673 -1.36197503762 -2.02024969928 
0 -1.53076767641 -1.36976151735 -1.56920055539 -1.49377308543 -4.63355116434 
0 -1.66357699397 -1.36976151735 -1.53359617106 -1.39492454957 -3.83767017696 
1 -1.72998165275 -1.45519946608 -1.64040932404 -1.46082357348 -3.34161956814 
0 -1.66357699397 -1.14192698739 -1.53359617106 -1.09837894202 0.585299338109 
1 -1.29835137068 -1.11344767115 -1.28436548078 -1.26312650177 -1.01735794041 
0 -1.36475602946 -0.857133824952 -1.21315671213 -1.13132845397 0.0206292680872 
0 -0.999530406173 -0.971051089929 -1.14194794348 -1.13132845397 -3.29280022628 
0 -1.33155370007 -1.19888561988 -1.46238740241 -1.46082357348 -3.1955805927 
0 -1.29835137068 -1.19888561988 -1.31996986511 -1.39492454957 -2.71461578909 
0 -1.46436301763 -1.28432356861 -1.64040932404 -1.36197503762 -3.13597070962 
1 -1.66357699397 -1.17040630364 -1.60480493971 -1.55967210933 1.70699181301 
1 -1.46436301763 -1.3412822011 -1.56920055539 -1.55967210933 -3.58550675237 
0 -1.13233972373 -0.173630235092 -1.07073917482 -0.735934310571 11.9324439196 
0 -0.667507112272 -0.714737243731 -1.39117863376 -1.49377308543 4.81843913762 
0 -1.43116068824 -1.25584425237 -1.39117863376 -1.49377308543 4.31683611438 
0 -1.26514904129 -1.28432356861 -1.49799178673 -1.42787406152 -0.245677098888 
0 -1.49756534702 -1.39824083359 -1.81843124567 -1.79031869298 1.67744877781 
0 -1.8959932997 -1.71151331228 -1.85403562999 -1.88916722883 -0.540374113168 
0 -1.8959932997 -1.71151331228 -1.88964001432 -1.92211674078 -2.85059756106 
0 -1.8959932997 -1.82543057725 -2.10326632027 -2.15276332443 -1.68081908205 
0 -2.2280165936 -1.93934784223 -2.1388707046 -2.08686430053 -3.07562748877 
0 -2.19481426421 -1.93934784223 -2.2812882419 -2.35046039613 -4.93641965644 
0 -2.42723056994 -2.08174442345 -2.49491454786 -2.51520795588 -3.02324622068 
0 -2.52683755811 -1.96782715847 -2.49491454786 -2.15276332443 -1.70879067921 
0 -2.36082591116 -2.08174442345 -2.70854085381 -2.35046039613 -1.1053584708 
0 -2.52683755811 -2.22414100467 -2.63733208516 -2.58110697978 -3.32800043844 
1 -2.59324221689 -2.36653758589 -2.74414523814 -2.74585453953 -3.61127833627 
0 -2.5600398875 -2.19566168843 -2.56612331651 -2.35046039613 -2.17906970413 
1 -2.26121892299 -2.08174442345 -2.45931016353 -2.31751088418 -4.01147122449 
0 -2.42723056994 -1.91086852599 -2.35249701055 -1.98801576468 -3.61002118584 
0 -1.99560028787 -1.76847194476 -2.1388707046 -1.85621771688 -1.92334435331 
0 -1.99560028787 -1.62607536354 -1.9964531673 -1.92211674078 -3.52820164508 
1 -2.06200494665 -1.73999262852 -2.06766193595 -1.79031869298 -3.88009900412 
0 -2.06200494665 -1.5975960473 -1.96084878297 -1.69147015713 -2.0272687892 
0 -1.66357699397 -1.51215809857 -1.67601370836 -1.65852064518 -4.65408462143 
1 -1.59717233519 -1.56911673106 -1.74722247702 -1.79031869298 -4.32858742151 
0 -1.8959932997 -1.48367878232 -1.78282686134 -1.49377308543 -3.32768615083 
0 -1.49756534702 -1.22736493613 -1.49799178673 -1.23017698982 -0.851099795484 
0 -1.36475602946 -1.28432356861 -1.71161809269 -1.62557113323 -0.804480466883 
0 -1.59717233519 -1.51215809857 -1.74722247702 -1.59262162128 -2.25827018148 
0 -1.39795835885 -1.19888561988 -1.39117863376 -1.32902552567 -2.6205390316 
0 -1.63037466458 -1.3412822011 -1.60480493971 -1.55967210933 -1.10493942065 
0 -1.69677932336 -1.62607536354 -1.88964001432 -1.72441966908 0.546327674649 
0 -1.69677932336 -1.62607536354 -2.10326632027 -2.18571283638 1.23231276157 
0 -2.36082591116 -1.99630647472 -2.2812882419 -2.08686430053 -1.68280957023 
0 -2.09520727604 -1.96782715847 -2.63733208516 -2.48225844393 3.38801146859 
0 -2.32762358177 -1.79695126101 -2.38810139488 -1.92211674078 2.68201673726 
1 -2.19481426421 -1.88238920974 -2.24568385758 -2.15276332443 -1.38350300436 
0 -2.2280165936 -1.68303399603 -2.24568385758 -1.72441966908 -1.85619156762 
0 -1.66357699397 -1.54063741481 -1.81843124567 -1.62557113323 -2.3362135084 
0 -1.5639700058 -1.51215809857 -1.81843124567 -1.82326820493 0.439469887743 
0 -1.69677932336 -1.48367878232 -1.67601370836 -1.62557113323 -0.504440563257 
0 -1.43116068824 -1.36976151735 -1.85403562999 -1.72441966908 -0.713232297868 
0 -1.72998165275 -1.42672014984 -1.64040932404 -1.46082357348 -3.16656137018 
0 -1.59717233519 -1.39824083359 -1.49799178673 -1.59262162128 -1.46396063215 
1 -1.69677932336 -1.48367878232 -1.56920055539 -1.59262162128 -5.01038200699 
0 -1.63037466458 -0.999530406173 -1.49799178673 -1.06542943007 -1.71099069247 
0 -1.16554205312 -1.11344767115 -1.14194794348 -1.19722747787 -2.84734992243 
0 -1.33155370007 -1.05648903866 -1.28436548078 -1.16427796592 -1.62571398801 
0 -1.16554205312 -1.14192698739 -1.46238740241 -1.46082357348 -0.814642432893 
0 -1.69677932336 -1.56911673106 -1.81843124567 -1.75736918103 -0.171400460735 
0 -1.92919562909 -1.73999262852 -2.10326632027 -1.98801576468 0.0351912606165 
0 -1.99560028787 -1.73999262852 -2.21007947325 -1.92211674078 2.63508312105 
0 -1.96239795848 -1.56911673106 -1.92524439864 -1.85621771688 1.00759712146 
0 -1.99560028787 -1.68303399603 -1.88964001432 -1.95506625273 -2.40965204627 
0 -1.96239795848 -1.3412822011 -1.85403562999 -1.46082357348 0.573251646448 
0 -1.82958864092 -1.36976151735 -1.71161809269 -1.49377308543 -1.01232933867 
0 -1.66357699397 -1.42672014984 -1.53359617106 -1.55967210933 -2.07703099389 
0 -1.66357699397 -1.54063741481 -1.67601370836 -1.72441966908 0.755014646724 
1 -1.82958864092 -1.65455467979 -1.96084878297 -2.05391478858 2.19256616821 
0 -1.92919562909 -1.17040630364 -1.85403562999 -1.69147015713 4.50530391697 
1 -1.59717233519 -1.22736493613 -1.53359617106 -1.49377308543 3.23914390467 
0 -1.36475602946 -0.686257927487 -1.21315671213 -0.702984798621 9.35413314162 
1 -0.667507112272 -0.714737243731 -0.750299715892 -0.735934310571 8.38581301969 
0 -0.800316429833 -0.372985448801 -0.607882178589 -0.241691631319 4.42337961368 
0 -0.368686147762 -0.372985448801 -0.358651488308 -0.340540167169 0.638518706489 
0 -0.302281488982 -0.401464765046 -0.323047103982 -0.241691631319 -1.25296888428 
1 -0.136269842032 -0.287547500069 -0.216233951004 -0.208742119369 0.228059089728 
0 -0.335483818372 -0.0597129701157 -0.109420798027 0.0878034881827 1.93202174073 
0 0.195753451869 -0.0312336538715 0.17541427658 0.0219044642824 -0.236353233167 
0 -0.0698651832517 -0.173630235092 0.0329967392766 -0.0439945596179 -0.654670040143 
0 0.195753451869 0.282038824814 -0.25183833533 -0.241691631319 1.07831183338 
0 -0.335483818372 -0.372985448801 -0.465464641285 -0.53823723887 3.72702303567 
0 -0.733911771052 -0.57234066251 -0.536673409937 -0.604136262771 1.45315218784 
0 -0.767114100442 -0.657778611243 -0.67909094724 -0.834782846422 0.0378103240211 
0 -0.833518759223 -0.686257927487 -0.643486562914 -0.571186750821 -3.150113652 
0 -0.667507112272 -0.657778611243 -0.536673409937 -0.702984798621 -3.97208051088 
0 -0.767114100442 -0.743216559975 -0.785904100218 -0.966580894223 -3.14236122432 
0 -1.06593506495 -0.885613141196 -0.999530406173 -1.13132845397 -1.55845643979 
1 -1.16554205312 -1.11344767115 -1.14194794348 -1.19722747787 -0.628584168633 
0 -1.26514904129 -0.515382030022 -1.10634355915 -0.53823723887 1.70437274961 
1 -0.634304782882 -0.116671602604 -0.429860256959 -0.307590655219 1.60275308951 
0 -0.435090806542 0.139642243593 -0.25183833533 0.384349095734 1.60631501574 
0 0.0297418049184 0.25355950857 0.139809892254 0.0548539762325 0.580794549053 
0 0.328562769429 0.623790619744 0.353436198209 0.582046167435 5.16792695832 
0 0.295360440039 0.652269935988 0.282227429557 0.252551047934 1.83228780628 
0 0.461372086989 0.395956089791 0.495853735513 0.549096655485 -2.09452633743 
0 0.428169757599 0.25355950857 -0.394255872633 -0.40643919107 16.1833933503 
0 -0.468293135932 -0.202109551336 -0.287442719656 -0.208742119369 5.02869754774 
0 -0.269079159592 -0.372985448801 -0.323047103982 -0.53823723887 0.317212008019 
0 -0.534697794712 -0.316026816313 -0.67909094724 -0.801833334472 2.69657872979 
0 -0.733911771052 -0.600819978755 -0.536673409937 -0.604136262771 -1.06827253299 
0 -0.567900124102 -0.600819978755 -0.67909094724 -0.867732358372 -0.825747261728 
0 -0.800316429833 -0.77169587622 -0.857112868869 -0.999530406173 0.0888296791418 
1 -1.19874438251 -0.971051089929 -1.31996986511 -1.29607601372 4.44328449555 
0 -1.13233972373 -0.57234066251 -0.963926021847 -0.47233821497 4.39016988971 
0 -0.634304782882 -0.657778611243 -0.857112868869 -0.867732358372 -0.0170852449383 
1 -0.866721088613 -0.828654508708 -0.785904100218 -0.834782846422 -1.86865830942 
0 -0.833518759223 -0.657778611243 -0.67909094724 -0.604136262771 -0.344258645435 
0 -0.501495465322 -0.287547500069 -0.501069025611 -0.40643919107 2.13327057274 
1 -0.368686147762 -0.145150918848 -0.180629566678 -0.109893583518 4.16891141329 
1 -0.269079159592 0.0257249786168 -0.0738164137009 0.153702512083 0.223554300672 
0 0.162551122479 0.538352671012 0.353436198209 0.746793727186 9.7686784973 
0 0.793395380889 0.709228568476 0.887501963097 0.746793727186 1.77058267247 
0 0.627383733939 0.367476773547 0.638271272816 0.549096655485 1.07967374635 
0 0.594181404549 0.509873354767 0.745084425793 0.779743239136 -1.50806565988 
0 0.428169757599 0.367476773547 0.317831813883 0.582046167435 -1.21881629748 
0 0.328562769429 0.310518141058 0.246623045232 0.0878034881827 -2.27869887604 
0 -0.0366628538617 0.310518141058 0.211018660906 0.351399583784 -0.577145763368 
0 0.228955781259 0.338997457302 0.282227429557 0.483197631585 -1.83345809726 
0 0.162551122479 0.139642243593 0.0329967392766 -0.0439945596179 0.304954791285 
1 -0.136269842032 0.310518141058 0.0329967392766 0.186652024033 -1.03872949779 
0 0.0297418049184 0.367476773547 0.282227429557 0.351399583784 0.224287638425 
0 0.527776745769 0.25355950857 -0.109420798027 0.0219044642824 -0.902538200749 
0 -0.169472171422 -0.173630235092 -0.323047103982 -0.40643919107 -1.12149190137 
0 -0.269079159592 -0.42994408129 -0.465464641285 -0.53823723887 1.11581682133 
0 -0.899923418003 -0.657778611243 -0.892717253195 -0.867732358372 3.26921075256 
0 -0.800316429833 -0.828654508708 -0.785904100218 -0.867732358372 0.834738936758 
1 -0.966328076783 -0.828654508708 -1.07073917482 -0.900681870322 -1.49098936648 
0 -0.866721088613 -0.00275433762736 -0.821508484544 0.0219044642824 11.9853490004 
0 0.0629441343084 -0.0881922863598 -0.180629566678 -0.340540167169 5.48588125563 
0 -0.335483818372 -0.372985448801 -0.429860256959 -0.637085774721 2.05689868386 
0 -0.733911771052 -0.600819978755 -0.536673409937 -0.702984798621 0.416003079638 
0 -0.601102453492 -0.543861346266 -0.714695331566 -0.637085774721 -2.14177424125 
0 -0.866721088613 -0.714737243731 -0.857112868869 -0.999530406173 2.13044198426 
0 -0.899923418003 -0.885613141196 -0.963926021847 -0.834782846422 2.41843419622 
0 -0.733911771052 -0.600819978755 -0.67909094724 -0.867732358372 1.07998803396 
1 -0.767114100442 -0.743216559975 -0.821508484544 -0.999530406173 0.490279717792 
0 -0.667507112272 -0.372985448801 -0.501069025611 -0.47233821497 13.0491077928 
0 -0.269079159592 -0.42994408129 -0.465464641285 -0.571186750821 6.03913220921 
0 -0.401888477152 -0.287547500069 -0.287442719656 -0.208742119369 4.27126441114 
0 -0.202674500812 -0.372985448801 -0.216233951004 -0.37348967912 0.634852017723 
0 -0.534697794712 -0.486902713778 -0.750299715892 -0.43938870302 2.49501561017 
0 -0.667507112272 -0.657778611243 -0.67909094724 -0.735934310571 0.055619955172 
0 -0.733911771052 -0.629299294999 -0.643486562914 -0.670035286671 0.76308136201 
0 -0.634304782882 -0.57234066251 -0.572277794263 -0.53823723887 0.791786296924 
0 -0.567900124102 -0.543861346266 -0.465464641285 -0.604136262771 -0.839366391432 
0 -0.601102453492 -0.515382030022 -0.465464641285 -0.40643919107 -1.09540602986 
0 -0.534697794712 -0.543861346266 -0.501069025611 -0.637085774721 -1.12568240282 
0 -0.501495465322 -0.543861346266 -0.501069025611 -0.47233821497 -0.0913618830914 
0 -0.202674500812 -0.372985448801 -0.821508484544 -0.735934310571 0.19945891735 
1 -0.733911771052 -0.800175192464 -0.928321637521 -0.933631382272 0.333345438591 
0 -0.866721088613 -0.629299294999 -0.714695331566 -0.53823723887 -2.00684009464 
0 -0.534697794712 -0.600819978755 -0.25183833533 -0.47233821497 -1.75174331904 
0 -0.468293135932 -0.202109551336 -0.394255872633 -0.142843095468 -0.572117161631 
0 -0.202674500812 -0.116671602604 -0.0382120293751 0.0878034881827 0.327583499101 
0 0.0629441343084 -0.0881922863598 0.0686011236024 0.0219044642824 -1.92784914236 
0 -0.0698651832517 -0.202109551336 -0.25183833533 -0.274641143269 -0.799556627682 
0 -0.202674500812 -0.287547500069 -0.0738164137009 -0.109893583518 -3.91875637997 
0 -0.202674500812 -0.259068183825 -0.358651488308 -0.274641143269 -2.92351228624 
0 -0.468293135932 -0.230588867581 -0.429860256959 -0.241691631319 -1.04732002575 
0 -0.169472171422 -0.259068183825 -0.180629566678 -0.307590655219 -3.72505045057 
0 -0.401888477152 -0.344506132557 -0.287442719656 -0.274641143269 -2.48759537318 
0 -0.335483818372 -0.486902713778 -0.714695331566 -0.604136262771 0.624794814249 
0 -0.634304782882 -0.657778611243 -0.857112868869 -0.670035286671 0.252887810803 
1 -0.800316429833 -0.657778611243 -0.607882178589 -0.768883822522 2.0303937622 
0 -0.567900124102 0.0257249786168 -0.465464641285 -0.175792607419 5.84301674148 
0 -0.00346052447164 -0.0312336538715 -0.0738164137009 -0.142843095468 0.227535277047 
0 -0.0698651832517 -0.116671602604 -0.00260764504923 -0.142843095468 -0.322363275373 
0 0.0629441343084 0.0826836111051 0.104205507928 0.252551047934 1.52837168882 
1 0.195753451869 0.225080192326 -0.145025182353 -0.109893583518 3.89736691951 
0 -0.103067512642 0.25355950857 0.0686011236024 0.351399583784 5.12937434501 
0 0.428169757599 0.338997457302 0.531458119838 0.483197631585 0.448584228391 
0 0.0961464636985 -0.0312336538715 -0.287442719656 -0.340540167169 4.67627637602 
0 -0.235876830202 -0.259068183825 -0.216233951004 -0.40643919107 -1.65672369872 
1 -0.368686147762 -0.515382030022 -0.714695331566 -0.768883822522 1.58410535807 
0 -0.767114100442 -0.543861346266 -0.714695331566 -0.604136262771 -1.35165519336 
0 -0.401888477152 -0.515382030022 -0.358651488308 -0.43938870302 -3.14958983932 
1 -0.468293135932 -0.42994408129 -0.536673409937 -0.637085774721 0.452041392085 
0 -0.767114100442 -0.0881922863598 -0.572277794263 0.0548539762325 4.19415918451 
0 0.262158110649 0.25355950857 0.0686011236024 -0.0769440715681 3.35291601897 
0 0.129348793089 -0.0881922863598 -0.287442719656 -0.43938870302 2.29429059085 
0 -0.468293135932 -0.515382030022 -0.999530406173 -0.900681870322 4.03114867821 
1 -0.767114100442 -0.828654508708 -1.07073917482 -1.13132845397 5.7750258555 
0 -1.13233972373 -0.515382030022 -1.07073917482 -0.47233821497 8.81156796674 
0 -0.567900124102 -0.316026816313 -0.501069025611 -0.43938870302 6.10628499491 
0 -0.401888477152 -0.515382030022 -0.607882178589 -0.670035286671 8.41703225547 
0 -0.767114100442 -0.743216559975 -0.714695331566 -0.834782846422 3.34516359129 
0 -0.933125747393 -0.885613141196 -0.821508484544 -0.966580894223 3.36611609853 
0 -0.999530406173 -0.942571773684 -0.963926021847 -0.900681870322 0.0450389390176 
0 -0.933125747393 -0.942571773684 -0.892717253195 -1.06542943007 1.15541706001 
0 -1.13233972373 -0.885613141196 -0.963926021847 -0.999530406173 0.85087236733 
0 -0.966328076783 -1.02800972242 -1.21315671213 -0.999530406173 0.352936032857 
0 -0.866721088613 -0.828654508708 -0.821508484544 -0.834782846422 6.17364730567 
0 -0.700709441662 -0.714737243731 -0.643486562914 -0.604136262771 1.99267924918 
1 -0.634304782882 -0.486902713778 -0.607882178589 -0.340540167169 1.90499300639 
0 -0.534697794712 0.225080192326 -0.394255872633 -0.0110450476678 4.52059924725 
0 -0.169472171422 -0.344506132557 -0.714695331566 -0.801833334472 4.82545822754 
0 -0.733911771052 -0.714737243731 -0.572277794263 -0.637085774721 0.980987437269 
0 -0.534697794712 -0.629299294999 -0.465464641285 -0.50528772692 0.210458983649 
0 -0.468293135932 -0.600819978755 -0.536673409937 -0.637085774721 0.416736417392 
0 -0.601102453492 -0.486902713778 -0.501069025611 -0.43938870302 1.54000033034 
0 -0.468293135932 -0.600819978755 -0.67909094724 -0.768883822522 -1.67673334314 
0 -0.667507112272 -0.743216559975 -0.607882178589 -0.637085774721 -2.59843413647 
0 -0.800316429833 -0.800175192464 -0.857112868869 -0.999530406173 -1.22164488596 
241052.112676 244548.356808 237536.619718 241167.605634 60295.085446 
15059.1843760828 17556.601279099883 14043.214325071986 15174.731594089537 9545.397013506865 
