734 
-1 -0.0064052926405 -0.0349946242384 -0.342688863452 -0.286691398674 18.3686180585 
-1 -0.227964866795 -0.230301114774 -0.308578133176 -0.35337013763 8.96554264246 
-1 -0.314126923411 -0.230301114774 -0.278731244185 -0.190840711426 5.29165600522 
-1 -0.236170776949 -0.18147449214 -0.19771825978 -0.174171026687 2.01723402041 
-1 -0.19514122618 -0.165198951262 -0.180662894642 -0.190840711426 2.65736909072 
-1 -0.207450091411 -0.18147449214 -0.176399053357 -0.136664236025 0.657097750008 
-1 -0.191038271103 -0.189612262579 -0.159343688219 -0.20334297498 1.57291837196 
-1 -0.203347136334 -0.246576655652 -0.304314291891 -0.340867874076 2.25196361321 
-1 -0.277200327719 -0.327954360042 -0.381063435012 -0.34503529526 0.524344876589 
1 -0.359259429257 -0.368643212238 -0.423701847857 -0.436718561324 2.06333124967 
0 -0.400288980027 -0.360505441799 -0.368271911158 -0.311695925783 0.972586829739 
0 -0.318229878488 -0.327954360042 -0.304314291891 -0.295026241044 0.30846511978 
0 -0.371568294488 -0.356436556579 -0.334161180883 -0.332533031706 -0.315455518148 
0 -0.359259429257 -0.376780982677 -0.351216546021 -0.370039822369 0.0694474126243 
1 -0.404391935104 -0.450020916628 -0.555880927675 -0.453388246063 2.65375099424 
0 -0.498759901873 -0.356436556579 -0.504714832262 -0.311695925783 1.0415540022 
0 -0.355156474181 -0.376780982677 -0.43649337171 -0.445053403693 0.159989160411 
1 -0.470039216335 -0.482571998384 -0.666740801071 -0.678428990037 1.29928754178 
0 -0.728525386182 -0.572087473213 -0.692323848778 -0.586745723974 0.922112150411 
0 -0.547995362797 -0.51512308014 -0.530297879968 -0.503397300279 -0.396259672931 
0 -0.498759901873 -0.482571998384 -0.641157753365 -0.657591884114 0.991302662163 
0 -0.580819003412 -0.51105419492 -0.564408610244 -0.590913145158 1.22580891568 
1 -0.662878104951 -0.686016259359 -0.777600674468 -0.724270623069 2.21868605914 
0 -0.703907655721 -0.59243189931 -0.726434579054 -0.578410881604 0.421117457184 
0 -0.564407183105 -0.59650078453 -0.624102388227 -0.640922199375 -0.362848115287 
0 -0.699804700644 -0.641258521944 -0.662476959787 -0.599247987528 -0.271949024638 
0 -0.662878104951 -0.694154029798 -0.717906896485 -0.720103201885 1.27092345207 
0 -0.74493720649 -0.775531734188 -0.777600674468 -0.807619046763 0.289347276636 
0 -0.818790397875 -0.812151701163 -0.892724389148 -0.907637155197 1.19485409022 
1 -0.904952454491 -0.91794271687 -0.990792738691 -0.995153000076 2.3490715361 
1 -1.03624701695 -0.877253864675 -1.02490346897 -0.840958416241 0.858639124459 
0 -0.880334724029 -0.799945045505 -0.850085976304 -0.778447098471 0.315031294879 
0 -0.790069712336 -0.808082815944 -0.850085976304 -0.870130364534 0.206711739683 
0 -0.810584487721 -0.812151701163 -0.811711404744 -0.836790995056 -0.269447624601 
0 -0.85161403849 -0.824358356822 -0.888460547864 -0.882632628088 -0.253590535077 
1 -0.888540634183 -0.905736061212 -0.871405182726 -0.911804576381 0.10384166314 
0 -0.900849499414 -0.75925619331 -0.875669024011 -0.720103201885 0.273624190686 
0 -0.699804700644 -0.681947374139 -0.747753785476 -0.699266095961 -0.335332714874 
1 -0.65056923972 -0.657534062822 -0.700851531347 -0.615917672267 -0.483451331381 
1 -0.662878104951 -0.657534062822 -0.696587690063 -0.624252514636 -0.109715365062 
0 -0.589024913566 -0.51512308014 -0.572936292813 -0.470057930802 1.19186134374 
0 -0.457730351104 -0.506985309701 -0.581463975382 -0.515899563834 0.853412985095 
0 -0.552098317874 -0.547674161896 -0.551617086391 -0.528401827388 -0.640414183735 
1 -0.531583542489 -0.539536391457 -0.538825562537 -0.536736669757 -0.278693871168 
0 -0.515171722181 -0.384918753116 -0.487659467124 -0.336700452891 1.66596598657 
0 -0.322332833565 -0.35236767136 -0.385327276296 -0.420048876585 0.552396291295 
0 -0.387980114796 -0.397125408774 -0.406646482719 -0.42421629777 -0.409436690986 
1 -0.437215575719 -0.42967649053 -0.453548736848 -0.465890509617 -0.0260077995214 
0 -0.445421485873 -0.368643212238 -0.410910324003 -0.336700452891 0.760325169413 
0 -0.334641698796 -0.372712097457 -0.372535752443 -0.340867874076 0.328922998658 
0 -0.392083069873 -0.42967649053 -0.432229530426 -0.411714034216 0.312217219836 
0 -0.461833306181 -0.458158687067 -0.440757212994 -0.415881455401 -1.00736063567 
1 -0.445421485873 -0.437814260969 -0.521770197399 -0.570076039235 -0.0195309601386 
0 -0.527480587412 -0.490709768823 -0.538825562537 -0.445053403693 -0.205170577208 
0 -0.39618602495 -0.437814260969 -0.402382641434 -0.395044349477 -0.253143856499 
1 -0.375671249565 -0.425607605311 -0.500450990977 -0.545071512127 0.00829711527874 
0 -0.535686497566 -0.462227572286 -0.496187149693 -0.42421629777 -0.619554294137 
0 -0.420803755412 -0.437814260969 -0.440757212994 -0.461723088432 -0.411848755308 
0 -0.457730351104 -0.454089801847 -0.462076419417 -0.411714034216 -0.394785633623 
0 -0.408494890181 -0.42967649053 -0.445021054279 -0.420048876585 -0.0896594969045 
0 -0.334641698796 -0.380849867896 -0.389591117581 -0.395044349477 -0.472909716938 
1 -0.408494890181 -0.441883146189 -0.658213118503 -0.63675477819 2.32209214998 
0 -0.679289925259 -0.620914095847 -0.658213118503 -0.628419935821 1.30603238831 
1 -0.589024913566 -0.555811932335 -0.564408610244 -0.528401827388 0.474540215128 
0 -0.564407183105 -0.494778654042 -0.547353245106 -0.449220824878 -0.0276158424027 
1 -0.445421485873 -0.494778654042 -0.504714832262 -0.499229879095 -0.0631714572216 
0 -0.519274677258 -0.470365342725 -0.47486794327 -0.453388246063 -0.230005906152 
0 -0.416700800335 -0.466296457506 -0.445021054279 -0.457555667248 -0.0721496966419 
0 -0.424906710489 -0.474434227945 -0.572936292813 -0.607582829897 0.674696885986 
0 -0.552098317874 -0.551743047115 -0.581463975382 -0.507564721464 -0.223439731054 
0 -0.515171722181 -0.51105419492 -0.504714832262 -0.465890509617 -0.587750779374 
0 -0.494656946797 -0.51105419492 -0.449284895563 -0.486727615541 -1.06801958658 
0 -0.457730351104 -0.498847539262 -0.432229530426 -0.457555667248 0.135868517192 
0 -0.457730351104 -0.502916424481 -0.483395625839 -0.499229879095 -0.814172150627 
0 -0.498759901873 -0.51512308014 -0.521770197399 -0.486727615541 -0.311390743087 
0 -0.49055399172 -0.519191965359 -0.491923308408 -0.532569248572 -0.644925637374 
0 -0.539789452643 -0.539536391457 -0.500450990977 -0.511732142649 -0.428911876992 
0 -0.498759901873 -0.547674161896 -0.624102388227 -0.536736669757 0.215689979103 
0 -0.535686497566 -0.559880817554 -0.585727816666 -0.607582829897 -0.754406556873 
0 -0.576716048335 -0.59650078453 -0.564408610244 -0.56590861805 0.279341676486 
0 -0.560304228028 -0.59650078453 -0.602783181804 -0.620085093451 -0.302993185818 
0 -0.625951509259 -0.645327407164 -0.615574705658 -0.611750251082 0.048051508732 
0 -0.601333778797 -0.588363014091 -0.611310864373 -0.620085093451 0.842826702794 
0 -0.59723082372 -0.633120751505 -0.717906896485 -0.70760093833 2.55159560342 
0 -0.716216520951 -0.718567341115 -0.709379213916 -0.678428990037 0.341519334562 
0 -0.671084015105 -0.710429570676 -0.688060007494 -0.732605465439 -0.371960358281 
0 -0.736731296336 -0.726705111554 -0.713643055201 -0.736772886623 -0.401619815868 
1 -0.708010610797 -0.690085144578 -0.679532324925 -0.657591884114 0.527426958778 
0 -0.679289925259 -0.653465177603 -0.641157753365 -0.632587357006 -0.373345061873 
0 -0.589024913566 -0.637189636725 -0.632630070796 -0.628419935821 0.152931638876 
0 -0.621848554182 -0.661602948042 -0.602783181804 -0.628419935821 -0.284411356968 
0 -0.646466284643 -0.6738096037 -0.632630070796 -0.640922199375 0.0260749226882 
0 -0.634157419413 -0.6738096037 -0.615574705658 -0.63675477819 0.0274149584226 
1 -0.621848554182 -0.637189636725 -0.589991657951 -0.599247987528 0.109782488229 
0 -0.584921958489 -0.482571998384 -0.551617086391 -0.457555667248 2.70520836644 
0 -0.474142171412 -0.397125408774 -0.453548736848 -0.436718561324 1.1690360684 
0 -0.433112620642 -0.388987638335 -0.427965689141 -0.349202716445 0.933279114864 
1 -0.379774204642 -0.397125408774 -0.39811880015 -0.445053403693 -0.749939771092 
1 -0.441318530796 -0.384918753116 -0.427965689141 -0.365872401184 0.105315702448 
0 -0.359259429257 -0.315747704384 -0.317105815745 -0.290858819859 0.363004574169 
0 -0.277200327719 -0.275058852189 -0.2744674029 -0.228347502088 0.0342938085257 
0 -0.211553046488 -0.26285219653 -0.214773624917 -0.220012659719 -0.0425795747699 
0 -0.24847964218 -0.26285219653 -0.287258926753 -0.295026241044 0.145740113768 
0 -0.367465339411 -0.344229900921 -0.372535752443 -0.361704979999 0.666165325144 
1 -0.383877159719 -0.360505441799 -0.351216546021 -0.370039822369 -0.867460904997 
0 -0.367465339411 -0.291334393067 -0.329897339598 -0.253352029197 -0.380045240545 
0 -0.252582597257 -0.303541048725 -0.270203561616 -0.315863346967 -0.710319381212 
0 -0.268994417565 -0.319816589603 -0.325633498314 -0.324198189337 -0.560816061113 
0 -0.318229878488 -0.315747704384 -0.317105815745 -0.311695925783 -0.747349035339 
0 -0.310023968334 -0.26285219653 -0.295786609322 -0.220012659719 -0.088364129028 
0 -0.244376687103 -0.222163344335 -0.223301307486 -0.261686871566 0.811112523747 
0 -0.19514122618 -0.18147449214 -0.176399053357 -0.224180080904 0.393512721056 
0 -0.182832360949 -0.189612262579 -0.214773624917 -0.224180080904 0.0995982166479 
0 -0.240273732026 -0.291334393067 -0.257412037762 -0.270021713936 0.0462647944195 
1 -0.289509192949 -0.26285219653 -0.31284197446 -0.349202716445 -0.0276605102605 
0 -0.334641698796 -0.275058852189 -0.291522768038 -0.270021713936 -0.355656590179 
0 -0.211553046488 -0.226232229555 -0.23609283134 -0.220012659719 -0.388755472818 
0 -0.182832360949 -0.18147449214 -0.15081600565 -0.20334297498 0.269425412052 
0 -0.236170776949 -0.26692108175 -0.300050450607 -0.336700452891 0.672552828811 
0 -0.330538743719 -0.35236767136 -0.295786609322 -0.332533031706 -0.0104633850026 
0 -0.281303282796 -0.332023245262 -0.282995085469 -0.328365610522 -0.313222125257 
0 -0.34284760895 -0.34829878614 -0.304314291891 -0.328365610522 -1.03777944684 
0 -0.305921013257 -0.356436556579 -0.355480387305 -0.320030768152 -0.507795313889 
0 -0.322332833565 -0.336092130482 -0.329897339598 -0.286691398674 -0.609772033276 
0 -0.355156474181 -0.384918753116 -0.346952704736 -0.378374664738 -0.435880062811 
0 -0.383877159719 -0.425607605311 -0.47486794327 -0.461723088432 -0.403451198039 
1 -0.408494890181 -0.413400949652 -0.508978673546 -0.49506245791 0.035901851407 
0 -0.539789452643 -0.498847539262 -0.504714832262 -0.474225351986 -0.422033026889 
0 -0.416700800335 -0.421538720091 -0.423701847857 -0.386709507108 -0.49082152792 
0 -0.379774204642 -0.421538720091 -0.389591117581 -0.378374664738 -0.975199778041 
0 -0.375671249565 -0.393056523555 -0.406646482719 -0.349202716445 -0.677175830715 
0 -0.367465339411 -0.417469834872 -0.445021054279 -0.461723088432 -0.350877129393 
0 -0.478245126489 -0.498847539262 -0.585727816666 -0.474225351986 0.638337249727 
0 -0.437215575719 -0.445952031408 -0.440757212994 -0.42421629777 -0.562245432563 
0 -0.474142171412 -0.454089801847 -0.427965689141 -0.453388246063 -0.725327781437 
0 -0.433112620642 -0.470365342725 -0.462076419417 -0.457555667248 -1.08727143329 
0 -0.404391935104 -0.454089801847 -0.427965689141 -0.428383718955 -0.569883636249 
0 -0.379774204642 -0.384918753116 -0.381063435012 -0.399211770662 0.773859530331 
0 -0.39618602495 -0.437814260969 -0.385327276296 -0.420048876585 -0.670788327048 
1 -0.424906710489 -0.376780982677 -0.393854958865 -0.328365610522 -0.600883129571 
0 -0.351053519104 -0.165198951262 -0.346952704736 -0.178338447872 2.06833404974 
0 -0.186935316026 -0.238438885213 -0.265939720331 -0.320030768152 1.0910013208 
1 -0.289509192949 -0.323885474823 -0.31284197446 -0.34503529526 0.696941479177 
0 -0.30181805818 -0.26285219653 -0.265939720331 -0.220012659719 0.917422025341 
0 -0.211553046488 -0.222163344335 -0.184926735926 -0.207510396165 -0.304913903704 
0 -0.236170776949 -0.222163344335 -0.180662894642 -0.186673290241 -0.826679150814 
0 -0.170523495718 -0.222163344335 -0.287258926753 -0.307528504598 0.618996067294 
0 -0.305921013257 -0.323885474823 -0.2744674029 -0.290858819859 -0.773613735733 
0 -0.285406237873 -0.315747704384 -0.270203561616 -0.270021713936 -0.279453224751 
0 -0.318229878488 -0.34829878614 -0.295786609322 -0.315863346967 -0.665249512679 
1 -0.34284760895 -0.35236767136 -0.295786609322 -0.307528504598 -0.83494270451 
0 -0.277200327719 -0.116372328628 -0.253148196478 -0.0616506546999 1.92972968695 
1 -0.0556407535638 -0.0349946242384 -0.142288323081 -0.174171026687 0.457937172379 
0 -0.15411167541 -0.10009678775 -0.103913751521 -0.0699854970694 -0.427303834111 
0 0.0182124378211 0.103347473225 0.0581122172888 0.0633719808414 2.62609265668 
0 0.0756538088983 0.0463830801517 0.0410568521509 0.105046192689 0.387263687748 
0 0.10027153936 0.0789341619077 0.0922229475646 0.0383674537332 -0.221827221387 
0 0.0592419885906 0.0463830801517 0.0666398998577 0.0717068232109 -0.431596415247 
0 0.116683359668 0.119623014103 0.024001487013 0.0883765079497 -0.366256272838 
0 0.108477449514 0.0870719323467 0.0581122172888 0.113381035058 -0.588997012607 
0 0.0838597190522 0.0545208505907 0.0666398998577 0.0883765079497 -0.293639736392 
1 0.0510360784367 0.0707963914687 0.0836952649956 0.0717068232109 -0.258017119786 
0 0.0674478987444 0.168449636737 0.100750630133 0.196729458752 0.712427825481 
0 0.223360191668 0.176587407176 0.12633367784 0.0633719808414 -0.253219791857 
0 0.0674478987444 0.0138319983956 0.0495845347198 0.0133629266249 -0.484764566401 
0 0.0510360784367 0.111485243664 0.0922229475646 0.0967113503191 0.005514307737 
0 0.0838597190522 0.111485243664 -0.00158156069383 -0.0366461275917 -0.111050934011 
0 0.0182124378211 -0.0268568537994 -0.11244143409 -0.111659708916 0.132558628928 
0 -0.0638466637177 -0.0594079355554 -0.0527476561075 -0.0366461275917 -0.786370875924 
0 -0.0228171129483 0.0382453097127 0.00694612187511 0.0800416655803 -0.400958731573 
0 0.0592419885906 0.0138319983956 0.0495845347198 0.00502808425547 -0.825959998303 
1 0.026418347975 -0.0268568537994 -0.0271646084007 -0.0783203394388 -0.1522078982 
0 -0.0474348434099 0.0545208505907 -0.0356922909696 0.0717068232109 -0.451321741257 
1 0.0674478987444 0.0219697688346 -0.00158156069383 -0.00330675811396 -0.825629456156 
0 -0.0228171129483 0.0870719323467 0.0154738044441 0.130050719797 -0.700671123925 
0 0.116683359668 0.119623014103 0.0751675824267 0.0383674537332 -0.450642789818 
0 0.0510360784367 0.0707963914687 -0.0101092432628 0.00502808425547 0.127162751704 
0 -0.104876214487 -0.0838212468724 -0.0783307038143 -0.128329393655 0.521383397616 
0 -0.113082124641 -0.116372328628 -0.103913751521 -0.119994551286 -0.619701698067 
0 -0.15411167541 -0.108234558189 -0.146552164366 -0.20334297498 -0.0625371736407 
0 -0.145905765257 -0.173336721701 -0.142288323081 -0.170003605502 0.0466668051399 
1 -0.129493944949 -0.0431323946774 -0.0698030212454 -0.0616506546999 0.450129230833 
1 -0.0474348434099 0.00569422795664 -0.00158156069383 0.0633719808414 0.556813942433 
0 0.0592419885906 0.111485243664 0.100750630133 0.0883765079497 0.0756651784319 
0 0.149507000283 0.127760784542 0.109278312702 0.121715877427 0.445783048268 
0 0.165918820591 0.14403632542 0.109278312702 0.121715877427 0.109639551084 
0 0.157712910437 0.103347473225 0.0836952649956 0.0216977689943 0.124290608447 
0 0.0756538088983 0.0463830801517 0.0751675824267 0.0216977689943 -0.895284513629 
1 0.0592419885906 0.0789341619077 0.0154738044441 -0.0366461275917 -0.486546813928 
1 -0.0228171129483 0.0545208505907 -0.00158156069383 0.0967113503191 -0.556184004258 
0 0.0920656292061 0.241689570688 0.134861360409 0.280077882447 1.15379539531 
0 0.313625203361 0.290516193322 0.322470376926 0.330086936663 0.173474386684 
0 0.330037023669 0.331205045517 0.245721233806 0.321752094294 0.413863397075 
0 0.280801562745 0.3067917342 0.237193551237 0.23006882823 -0.338374595991 
0 0.264389742438 0.3067917342 0.262776598943 0.37176114851 -0.00512557599398 
0 0.35465475413 0.396307209029 0.399219520047 0.413435360357 -0.337597375266 
0 0.403890215054 0.363756127273 0.433330250322 0.37176114851 -0.472713178363 
1 0.436713855669 0.616027010882 0.475968663167 0.563462523007 2.3254154386 
0 0.526978867362 0.567200388248 0.61241158427 0.588467050115 0.16396013297 
0 0.658273429824 0.63230255176 0.603883901701 0.66348063144 0.455020361264 
0 0.65006751967 0.656715863077 0.61241158427 0.588467050115 -0.0914238772881 
1 0.551596597823 0.518373765614 0.458913298029 0.413435360357 1.73448201366 
0 0.3956843049 0.485822683858 0.467440980598 0.555127680638 0.25720875294 
1 0.559802507977 0.55092484737 0.458913298029 0.413435360357 0.30114852467 
0 0.428507945515 0.493960454297 0.493024028305 0.563462523007 0.0332351802956 
0 0.633655699362 0.607889240443 0.595356219132 0.680150316179 1.51640013147 
0 0.666479339978 0.697404715272 0.714743775097 0.713489685657 0.771992413874 
0 0.723920711055 0.738093567467 0.620939266839 0.630141261962 -0.012661043607 
0 0.617243879055 0.640440322199 0.595356219132 0.580132207746 -0.322026160032 
0 0.535184777516 0.526511536053 0.561245488856 0.530123153529 -0.486461944998 
0 0.535184777516 0.493960454297 0.527134758581 0.455109572204 -0.542019826545 
1 0.485949316592 0.510235995175 0.475968663167 0.405100517988 -0.500375982707 
0 0.403890215054 0.461409372541 0.484496345736 0.51345346879 0.53261289707 
0 0.518772957208 0.510235995175 0.569773171425 0.51345346879 -0.687431570869 
0 0.559802507977 0.502098224736 0.441857932891 0.438439887466 0.377378690814 
1 0.444919765823 0.436996061224 0.467440980598 0.446774729835 0.314732020231 
0 0.371066574438 0.485822683858 0.441857932891 0.546792838268 -0.409954838136 
0 0.54339068767 0.485822683858 0.467440980598 0.455109572204 0.0199152250958 
0 0.420302035361 0.428858290785 0.407747202615 0.37176114851 -0.170432384187 
1 0.371066574438 0.380031668151 0.37363647234 0.338421779032 -0.710801794076 
0 0.297213383053 0.420720520346 0.365108789771 0.455109572204 -0.0293176877853 
0 0.5023611369 0.55092484737 0.510079393443 0.530123153529 0.0897400204286 
0 0.518772957208 0.510235995175 0.544190123719 0.52178831116 -0.56966029696 
1 0.485949316592 0.542787076931 0.458913298029 0.413435360357 0.9242517408 
1 0.321831113515 0.38816943859 0.390691837478 0.438439887466 -0.248654736789 
0 0.428507945515 0.493960454297 0.475968663167 0.555127680638 -0.776334008273 
1 0.559802507977 0.502098224736 0.501551710874 0.463444414574 -0.977710111651 
0 0.469537496285 0.616027010882 0.518607076012 0.680150316179 0.0151982993108 
0 0.69109707044 0.762506878784 0.77443755308 0.780168424612 0.871507934295 
1 0.707508890747 0.681129174394 0.731799140235 0.688485158548 0.166180125504 
1 0.723920711055 0.819471271857 0.791492918218 0.863516848306 1.16742355873 
0 0.830597543056 0.990364451076 0.919408156752 0.980204641478 0.973149644748 
0 0.961892105518 0.990364451076 1.02174034758 1.07188790754 0.424137004372 
0 1.01933347659 0.982226680637 0.919408156752 0.980204641478 1.68691967867 
0 0.953686195364 0.933400058003 0.979101934735 0.988539483848 0.141121457271 
0 0.978303925825 0.917124517125 0.962046569597 0.930195587262 0.472047748662 
0 0.90445073444 0.925262287564 0.996157299873 0.971869799109 -0.479605428824 
0 0.961892105518 0.965951139759 0.987629617304 0.971869799109 -0.284389023039 
0 0.986509835979 1.03105330327 0.987629617304 0.905191060153 0.693019641261 
0 1.01933347659 0.965951139759 0.996157299873 0.996874326217 0.102720499909 
0 0.978303925825 0.95781336932 1.03879571272 1.03854853806 -0.69795531817 
0 1.01112756644 0.949675598881 0.893825109045 0.880186533045 1.22990942503 
0 0.830597543056 0.79505796054 0.825603648494 0.755163897504 1.1587311936 
0 0.773156171978 0.868297894491 0.85971437877 0.921860744892 0.90289603798 
1 0.855215273517 0.843884583174 0.85971437877 0.780168424612 0.262193685872 
0 0.764950261824 0.860160124052 0.851186696201 0.921860744892 -0.0306130556619 
0 0.896244824287 0.868297894491 0.93646352189 0.863516848306 0.0298002220298 
0 0.814185722748 0.786920190101 0.842659013632 0.80517295172 0.333184312294 
0 0.814185722748 0.762506878784 0.77443755308 0.796838109351 -0.0910084662105 
0 0.732126621209 0.778782419662 0.791492918218 0.846847163567 -0.173411730303 
0 0.822391632902 0.819471271857 0.851186696201 0.80517295172 -0.438408263563 
1 0.822391632902 0.762506878784 0.791492918218 0.788503266981 0.210504040811 
0 0.740332531363 0.868297894491 0.834131331063 0.905191060153 0.267285821663 
0 0.920862554748 0.941537828442 0.902352791614 1.00520916859 0.510756914242 
0 0.994715746133 0.982226680637 1.03879571272 0.988539483848 -0.465521653255 
1 0.978303925825 0.974088910198 0.996157299873 0.95520011437 -0.609468291843 
0 0.961892105518 1.02291553283 1.03879571272 1.10522727702 -0.218070654544 
0 1.07677484767 1.08801769634 1.0984894907 1.04688338043 -0.795224045342 
0 1.05215711721 1.06360438503 1.13260022098 1.13023180413 -0.228138789695 
0 1.10959848829 1.10429323722 1.0984894907 1.01354401096 -0.376623682636 
1 1.01933347659 0.990364451076 1.03026803015 1.02187885333 -0.449450158014 
0 0.953686195364 1.07987992591 1.04732339529 1.16357117361 -0.398979945472 
0 1.13421621875 1.12870654854 1.15818326868 1.11356211939 -0.458071054572 
0 1.15883394921 1.09615546678 1.14112790354 1.0552182228 -0.376324407989 
0 1.04395120706 1.02291553283 0.953518887028 0.913525902523 0.91907473608 
0 0.896244824287 0.87643566493 0.876769743907 0.855182005937 0.103645124566 
0 0.847009363363 0.811333501418 0.868242061338 0.888521375415 -0.300567721139 
0 0.814185722748 0.79505796054 0.85971437877 0.780168424612 -0.461760619627 
0 0.814185722748 0.835746812735 0.893825109045 0.888521375415 -0.353905610153 
0 0.896244824287 0.933400058003 0.962046569597 0.880186533045 -0.243089121705 
1 0.920862554748 0.917124517125 0.979101934735 0.946865272001 -0.58913101618 
0 0.830597543056 0.982226680637 0.910880474183 0.946865272001 -0.0191512833472 
0 1.02753938675 0.965951139759 0.885297426476 0.855182005937 -0.330195911226 
0 0.847009363363 0.87643566493 0.93646352189 0.896856217784 -0.893587135032 
1 0.90445073444 0.87643566493 0.93646352189 0.855182005937 -0.590462118343 
0 0.888038914133 1.01477776239 0.962046569597 1.08022274991 -0.591212538354 
0 1.01933347659 1.04732884415 1.0984894907 1.06355306517 -0.283589468384 
0 1.06856893752 1.02291553283 1.08996180813 1.08855759228 -0.916854622166 
0 1.06856893752 1.04732884415 1.13260022098 1.12189696176 -0.580527986766 
0 1.08498075783 1.03105330327 1.02174034758 0.980204641478 -0.564903170103 
0 0.978303925825 0.941537828442 1.01321266501 1.02187885333 -1.12596273173 
0 1.0357452969 0.974088910198 1.05585107786 0.996874326217 -0.998574468035 
0 0.94548028521 0.974088910198 1.01321266501 0.971869799109 -0.486189471065 
0 0.978303925825 0.982226680637 1.03879571272 0.95520011437 -0.018807340842 
0 0.994715746133 1.01477776239 1.05585107786 1.09689243465 -0.0859520647061 
0 1.07677484767 1.07174215547 1.04732339529 1.01354401096 -0.180250379334 
0 0.970098015672 0.933400058003 0.93646352189 0.871851690676 0.298392517843 
0 0.90445073444 0.900848976247 0.927935839321 0.913525902523 0.167721166598 
0 0.863421183671 0.827609042296 0.868242061338 0.796838109351 0.0373401564286 
0 0.781362082132 0.762506878784 0.782965235649 0.730159370395 -0.657088695057 
0 0.707508890747 0.770644649223 0.800020600787 0.846847163567 -0.467241365781 
0 0.781362082132 0.770644649223 0.834131331063 0.788503266981 -0.915769193222 
0 0.79777390244 0.778782419662 0.834131331063 0.763498739873 -0.316389076376 
0 0.748538441517 0.697404715272 0.69768840996 0.638476104332 0.481919345238 
0 0.666479339978 0.640440322199 0.655049997115 0.580132207746 -0.746424410682 
0 0.592626148593 0.575338158687 0.672105362253 0.621806419593 -0.70484756863 
1 0.535184777516 0.599751470004 0.61241158427 0.671815473809 -0.48238376958 
0 0.609037968901 0.738093567467 0.69768840996 0.738494212765 -0.33759290848 
0 0.756744351671 0.71368025615 0.791492918218 0.713489685657 -0.575065107755 
0 0.732126621209 0.754369108345 0.765909870511 0.780168424612 -0.628300260696 
0 0.814185722748 0.79505796054 0.765909870511 0.821842636459 -0.099942037773 
0 0.822391632902 0.762506878784 0.800020600787 0.821842636459 -0.79518384427 
0 0.789567992286 0.738093567467 0.800020600787 0.738494212765 -0.862230298847 
0 0.723920711055 0.705542485711 0.800020600787 0.746829055134 -1.0702440459 
0 0.773156171978 0.762506878784 0.834131331063 0.788503266981 -1.15720789827 
0 0.781362082132 0.738093567467 0.817075965925 0.763498739873 -0.884832234901 
0 0.723920711055 0.689266944833 0.731799140235 0.721824528026 -0.381881089501 
0 0.740332531363 0.746231337906 0.663577679684 0.655145789071 -0.219727832069 
0 0.576214328285 0.583475929126 0.646522314546 0.580132207746 -0.733104455482 
1 0.617243879055 0.599751470004 0.672105362253 0.596801892485 -0.137029760115 
1 0.65006751967 0.827609042296 0.740326822804 0.821842636459 1.623357317 
0 0.830597543056 0.908986746686 0.919408156752 0.930195587262 -0.501917023801 
0 0.937274375056 0.933400058003 0.970574252166 0.930195587262 -0.252514039704 
0 0.937274375056 0.892711205808 0.927935839321 0.938530429631 -0.452835981637 
0 0.920862554748 0.900848976247 0.944991204459 0.963534956739 -0.739085481643 
0 0.838803453209 0.860160124052 0.868242061338 0.830177478829 0.082544028535 
0 0.855215273517 0.835746812735 0.927935839321 0.896856217784 -0.552615042419 
0 0.830597543056 0.803195730979 0.876769743907 0.830177478829 -0.97727683343 
1 0.805979812594 0.770644649223 0.77443755308 0.746829055134 -0.683871542601 
0 0.773156171978 0.835746812735 0.851186696201 0.888521375415 -0.670207644896 
0 0.879833003979 0.852022353613 0.910880474183 0.896856217784 -0.977674377364 
0 0.90445073444 0.974088910198 0.962046569597 1.03854853806 0.0317254067015 
0 1.00292165629 0.95781336932 1.01321266501 1.03021369569 -0.403875542688 
0 0.994715746133 0.941537828442 0.927935839321 0.996874326217 0.0656729786392 
1 0.830597543056 0.811333501418 0.851186696201 0.788503266981 -0.24185628883 
0 0.773156171978 0.87643566493 0.85971437877 0.921860744892 0.658723660033 
0 0.978303925825 0.917124517125 0.85971437877 0.80517295172 0.365045895271 
0 0.855215273517 0.79505796054 0.748854505373 0.671815473809 0.0338828642339 
0 0.592626148593 0.624164781321 0.620939266839 0.613471577224 0.0831202439008 
1 0.65006751967 0.599751470004 0.646522314546 0.596801892485 -0.336319874532 
0 0.584420238439 0.599751470004 0.637994631977 0.638476104332 -0.407216698452 
0 0.707508890747 0.681129174394 0.757382187942 0.738494212765 -0.651344408542 
0 0.748538441517 0.689266944833 0.714743775097 0.638476104332 -0.723424930694 
0 0.715714800901 0.664853633516 0.672105362253 0.621806419593 -0.061835888273 
1 0.65006751967 0.616027010882 0.689160727391 0.646810946701 -0.899912103698 
0 0.658273429824 0.786920190101 0.723271457666 0.788503266981 0.675299902067 
0 0.814185722748 0.803195730979 0.868242061338 0.830177478829 -0.364902836746 
0 0.855215273517 0.79505796054 0.817075965925 0.771833582243 -0.877805980867 
0 0.805979812594 0.819471271857 0.851186696201 0.896856217784 -0.539862369013 
0 0.879833003979 0.819471271857 0.85971437877 0.871851690676 -0.542158296905 
0 0.822391632902 0.786920190101 0.876769743907 0.80517295172 -1.0038944099 
0 0.789567992286 0.778782419662 0.834131331063 0.796838109351 -0.608065721107 
0 0.805979812594 0.762506878784 0.876769743907 0.830177478829 -0.814614362419 
0 0.855215273517 0.803195730979 0.876769743907 0.871851690676 -0.716421010589 
0 0.863421183671 0.819471271857 0.851186696201 0.771833582243 -0.480226312047 
1 0.789567992286 0.778782419662 0.834131331063 0.788503266981 -0.80895941162 
0 0.748538441517 0.770644649223 0.825603648494 0.846847163567 -0.654176350727 
0 0.863421183671 0.811333501418 0.876769743907 0.830177478829 -1.03038244958 
0 0.764950261824 0.721818026589 0.782965235649 0.713489685657 -0.617124362672 
0 0.756744351671 0.71368025615 0.782965235649 0.721824528026 -0.92699422589 
0 0.723920711055 0.697404715272 0.748854505373 0.738494212765 -0.667451638069 
0 0.723920711055 0.697404715272 0.782965235649 0.746829055134 -0.569168950524 
0 0.715714800901 0.656715863077 0.689160727391 0.638476104332 -0.0520670277694 
0 0.666479339978 0.656715863077 0.731799140235 0.705154843287 -0.372965385082 
0 0.740332531363 0.689266944833 0.723271457666 0.680150316179 -0.715835861652 
0 0.748538441517 0.689266944833 0.748854505373 0.680150316179 -0.0543138210173 
0 0.69109707044 0.648578092638 0.689160727391 0.66348063144 -0.00228023345131 
1 0.666479339978 0.607889240443 0.637994631977 0.621806419593 -0.248507332858 
0 0.65006751967 0.697404715272 0.731799140235 0.730159370395 0.124737287025 
0 0.805979812594 0.746231337906 0.740326822804 0.721824528026 -0.495399983346 
0 0.658273429824 0.63230255176 0.723271457666 0.655145789071 -0.793776806749 
0 0.682891160286 0.624164781321 0.672105362253 0.621806419593 -0.302841315101 
0 0.633655699362 0.624164781321 0.69768840996 0.66348063144 -0.531062801024 
0 0.617243879055 0.591613699565 0.663577679684 0.588467050115 -0.529262686354 
0 0.592626148593 0.591613699565 0.61241158427 0.638476104332 0.981493600587 
0 0.65006751967 0.616027010882 0.69768840996 0.688485158548 -0.354553294091 
1 0.658273429824 0.599751470004 0.663577679684 0.588467050115 0.336570135916 
1 0.600832058747 0.624164781321 0.672105362253 0.696820000918 -0.178847808599 
0 0.715714800901 0.71368025615 0.782965235649 0.780168424612 0.115285568312 
0 0.855215273517 0.79505796054 0.825603648494 0.796838109351 -0.534140416427 
0 0.822391632902 0.770644649223 0.825603648494 0.788503266981 0.437050482066 
0 0.781362082132 0.721818026589 0.808548283356 0.746829055134 -0.8400035728 
0 0.732126621209 0.672991403955 0.714743775097 0.680150316179 -0.0131211225425 
0 0.666479339978 0.672991403955 0.731799140235 0.688485158548 -0.519726098711 
0 0.69109707044 0.656715863077 0.714743775097 0.680150316179 -0.287332634869 
0 0.682891160286 0.672991403955 0.714743775097 0.746829055134 -0.36495197139 
0 0.69109707044 0.79505796054 0.731799140235 0.830177478829 0.101009720955 
0 0.781362082132 0.721818026589 0.782965235649 0.738494212765 -0.407672310602 
0 0.748538441517 0.738093567467 0.723271457666 0.66348063144 -0.68692235729 
0 0.699302980593 0.648578092638 0.620939266839 0.555127680638 0.346035254986 
0 0.592626148593 0.542787076931 0.53566244115 0.555127680638 0.00147186660495 
0 0.54339068767 0.510235995175 0.603883901701 0.555127680638 -0.674527026747 
1 0.510567047054 0.502098224736 0.569773171425 0.563462523007 -0.992821247949 
0 0.485949316592 0.502098224736 0.552717806288 0.571797365376 -0.459835434956 
0 0.625449789208 0.567200388248 0.61241158427 0.555127680638 -0.901203004789 
0 0.576214328285 0.526511536053 0.569773171425 0.51345346879 -0.702810714314 
1 0.477743406439 0.436996061224 0.424802567753 0.421770202727 0.278305382185 
0 0.403890215054 0.526511536053 0.467440980598 0.555127680638 -0.015376849362 
0 0.559802507977 0.567200388248 0.578300853994 0.638476104332 -0.677711845009 
0 0.609037968901 0.591613699565 0.646522314546 0.638476104332 0.0318951445612 
0 0.584420238439 0.567200388248 0.493024028305 0.463444414574 0.656056988921 
0 0.420302035361 0.453271602102 0.475968663167 0.505118626421 0.0755043741437 
0 0.510567047054 0.502098224736 0.527134758581 0.51345346879 -0.492974518667 
0 0.518772957208 0.477684913419 0.53566244115 0.51345346879 -0.407386436312 
0 0.559802507977 0.518373765614 0.603883901701 0.580132207746 -0.631033933595 
0 0.592626148593 0.616027010882 0.663577679684 0.655145789071 0.0927372336879 
0 0.641861609516 0.591613699565 0.680633044822 0.646810946701 -0.228857942206 
0 0.633655699362 0.599751470004 0.655049997115 0.580132207746 0.0712341269368 
0 0.568008418131 0.583475929126 0.655049997115 0.646810946701 -0.489097348609 
0 0.609037968901 0.640440322199 0.689160727391 0.713489685657 -0.600959064929 
0 0.658273429824 0.63230255176 0.672105362253 0.621806419593 -0.50405661419 
0 0.617243879055 0.559062617809 0.620939266839 0.630141261962 -0.496226338716 
1 0.609037968901 0.55092484737 0.629466949408 0.571797365376 -0.36580959426 
0 0.54339068767 0.624164781321 0.620939266839 0.66348063144 -0.348045187208 
0 0.666479339978 0.640440322199 0.689160727391 0.613471577224 -0.401467945152 
0 0.600832058747 0.591613699565 0.620939266839 0.588467050115 -0.240596655239 
0 0.584420238439 0.583475929126 0.637994631977 0.655145789071 -0.50219396452 
0 0.625449789208 0.583475929126 0.655049997115 0.655145789071 -0.479051547387 
0 0.699302980593 0.664853633516 0.69768840996 0.705154843287 0.75410293682 
1 0.723920711055 0.689266944833 0.731799140235 0.746829055134 -0.223292327123 
0 0.732126621209 0.762506878784 0.791492918218 0.838512321198 0.905026694798 
0 0.871627093825 0.900848976247 0.919408156752 0.913525902523 1.32555224218 
0 0.896244824287 0.908986746686 0.979101934735 0.946865272001 0.735574709399 
0 0.929068464902 0.974088910198 1.00468498244 1.01354401096 1.50911033707 
0 0.978303925825 1.03919107371 1.02174034758 1.02187885333 2.21190101154 
0 1.01112756644 1.10429323722 1.08996180813 1.08855759228 10.117348024 
0 1.10959848829 1.04732884415 1.00468498244 0.95520011437 0.825951186112 
0 0.90445073444 0.884573435369 0.93646352189 0.855182005937 0.0728198358892 
0 0.879833003979 0.827609042296 0.885297426476 0.863516848306 0.446073389344 
0 0.822391632902 0.811333501418 0.885297426476 0.855182005937 -0.0773311681482 
0 0.888038914133 0.835746812735 0.868242061338 0.855182005937 -0.0321138956844 
0 0.838803453209 0.786920190101 0.800020600787 0.738494212765 0.191247727308 
0 0.699302980593 0.738093567467 0.77443755308 0.80517295172 0.190997587304 
1 0.707508890747 0.656715863077 0.655049997115 0.680150316179 2.88223155373 
0 0.641861609516 0.689266944833 0.69768840996 0.763498739873 0.127881904215 
0 0.748538441517 0.697404715272 0.731799140235 0.730159370395 0.040373103974 
0 0.69109707044 0.721818026589 0.706216092529 0.646810946701 -0.16258424157 
0 0.641861609516 0.624164781321 0.706216092529 0.696820000918 -0.838904743498 
0 0.715714800901 0.656715863077 0.680633044822 0.646810946701 -0.329052414066 
0 0.65006751967 0.591613699565 0.569773171425 0.538457995899 2.48873452712 
0 0.526978867362 0.518373765614 0.569773171425 0.588467050115 -0.344391356439 
0 0.559802507977 0.534649306492 0.578300853994 0.530123153529 -0.456757819552 
0 0.510567047054 0.510235995175 0.586828536563 0.580132207746 -0.80090133007 
0 0.568008418131 0.518373765614 0.586828536563 0.555127680638 -0.787652843443 
0 0.526978867362 0.502098224736 0.578300853994 0.571797365376 -0.604599495341 
0 0.559802507977 0.502098224736 0.53566244115 0.480114099313 -0.0354327175199 
0 0.469537496285 0.428858290785 0.458913298029 0.438439887466 -0.306923957306 
0 0.428507945515 0.380031668151 0.441857932891 0.413435360357 -0.516246472587 
0 0.403890215054 0.420720520346 0.45038561546 0.463444414574 0.0817400070944 
1 0.477743406439 0.428858290785 0.484496345736 0.446774729835 -0.677099895357 
0 0.453125675977 0.567200388248 0.527134758581 0.621806419593 1.51018683244 
0 0.576214328285 0.559062617809 0.629466949408 0.571797365376 -0.280328714764 
0 0.568008418131 0.591613699565 0.655049997115 0.621806419593 -0.450477518744 
0 0.617243879055 0.591613699565 0.663577679684 0.596801892485 -0.50050998628 
0 0.576214328285 0.575338158687 0.629466949408 0.571797365376 -0.542019826545 
0 0.559802507977 0.534649306492 0.578300853994 0.52178831116 -0.467384302926 
0 0.535184777516 0.534649306492 0.595356219132 0.588467050115 -0.777977785441 
0 0.576214328285 0.559062617809 0.552717806288 0.496783784052 -0.301380676151 
0 0.518772957208 0.583475929126 0.586828536563 0.613471577224 0.234191405809 
0 0.576214328285 0.559062617809 0.544190123719 0.496783784052 0.569294141906 
0 0.461331586131 0.453271602102 0.475968663167 0.405100517988 0.497490560472 
0 0.3956843049 0.355618356834 0.382164154909 0.421770202727 0.161802675438 
0 0.420302035361 0.428858290785 0.45038561546 0.446774729835 -0.38901901318 
0 0.420302035361 0.412582749907 0.484496345736 0.480114099313 -0.778906876883 
0 0.461331586131 0.404444979468 0.356581107202 0.305082409555 0.522285688344 
0 0.305419293207 0.3067917342 0.365108789771 0.296747567185 -0.0920894283695 
0 0.272595652591 0.339342815956 0.313942694357 0.280077882447 -0.656959158269 
0 0.289007472899 0.233551800249 0.271304281512 0.246738512969 -0.220509519581 
0 0.239772011976 0.217276259371 0.262776598943 0.213399143491 0.23854205516 
0 0.264389742438 0.209138488932 0.254248916374 0.213399143491 -0.350475118673 
0 0.20694837136 0.176587407176 0.271304281512 0.23006882823 -0.655011639668 
0 0.239772011976 0.201000718493 0.271304281512 0.23006882823 -0.502390503094 
0 0.239772011976 0.290516193322 0.305415011788 0.330086936663 1.10366019171 
0 0.313625203361 0.257965111566 0.186027455823 0.196729458752 0.609624750725 
0 0.174124730745 0.14403632542 0.151916725547 0.105046192689 -0.247274499982 
0 0.0510360784367 0.0463830801517 0.100750630133 0.0800416655803 -0.270577721403 
0 0.0920656292061 0.0545208505907 0.109278312702 0.0717068232109 -0.841160470317 
0 0.0674478987444 0.0626586210297 0.100750630133 0.0383674537332 -0.943186324347 
0 0.0756538088983 0.0789341619077 0.143389042978 0.105046192689 -0.2999200372 
0 0.10027153936 0.0707963914687 0.151916725547 0.121715877427 -0.4828170478 
0 0.10027153936 0.0545208505907 0.109278312702 0.0467022961026 -0.336413677033 
0 0.0346242581289 0.0219697688346 0.0751675824267 0.0133629266249 -0.925832861587 
0 0.00180061751338 -0.0187190833604 -0.0442199735386 -0.0366461275917 -0.0125538407482 
0 -0.0884643941793 -0.0594079355554 -0.0356922909696 -0.0783203394388 -0.798757272895 
0 -0.0720525738716 -0.108234558189 -0.125232957944 -0.128329393655 0.475317435854 
0 -0.162317585564 -0.173336721701 -0.116705275375 -0.153333920764 -0.531433544244 
0 -0.15411167541 -0.157061180823 -0.261675879047 -0.215845238534 1.68678567509 
1 -0.215656001565 -0.226232229555 -0.184926735926 -0.20334297498 0.474290075124 
0 -0.186935316026 -0.148923410384 -0.129496799228 -0.0949900241776 -0.191287807 
0 -0.0884643941793 -0.116372328628 -0.0612753386764 -0.103324866547 -0.322307567536 
0 -0.0720525738716 -0.0349946242384 -0.0527476561075 0.0216977689943 0.0789125316948 
0 -0.0064052926405 -0.0512701651164 -0.0356922909696 -0.00330675811396 0.245639777767 
0 -0.0064052926405 -0.0105813129214 0.024001487013 0.0467022961026 -0.189125882682 
0 0.00180061751338 -0.0187190833604 0.0154738044441 -0.00330675811396 -1.01148347894 
0 0.0182124378211 0.0545208505907 0.0410568521509 0.0883765079497 0.422649564707 
0 0.0920656292061 0.0382453097127 0.0581122172888 0.0717068232109 -0.381809620929 
0 0.0674478987444 0.0463830801517 -0.0527476561075 0.0300326113637 0.459732820263 
0 -0.0474348434099 -0.0838212468724 -0.0442199735386 -0.0533158123305 -0.228817741134 
0 -0.0638466637177 -0.0919590173114 -0.0612753386764 -0.0616506546999 -0.699143483187 
1 -0.0638466637177 -0.0756834764334 -0.0953860689522 -0.0449809699611 0.162097483299 
0 -0.170523495718 -0.0675457059944 -0.155079846935 -0.0616506546999 0.242320955931 
0 -0.0228171129483 -0.0431323946774 -0.146552164366 -0.136664236025 -0.0348877696546 
0 -0.0966703043332 -0.132647869506 -0.0783307038143 -0.0949900241776 -0.965395183252 
0 -0.0474348434099 -0.0919590173114 -0.0356922909696 -0.0533158123305 -0.611978625452 
0 -0.0802584840254 -0.0512701651164 -0.0612753386764 -0.0366461275917 -0.307455504814 
0 -0.0064052926405 -0.0594079355554 -0.0527476561075 -0.0283112852222 -0.631793287177 
0 -0.039228933256 -0.0919590173114 -0.103913751521 -0.153333920764 -0.87328112687 
0 -0.211553046488 -0.197750033018 -0.223301307486 -0.215845238534 0.152712766373 
0 -0.215656001565 -0.189612262579 -0.265939720331 -0.153333920764 -0.400614789068 
1 -0.215656001565 -0.26692108175 -0.282995085469 -0.307528504598 0.22130472883 
0 -0.383877159719 -0.275058852189 -0.338425022167 -0.236682344458 -0.159118015803 
0 -0.277200327719 -0.230301114774 -0.223301307486 -0.215845238534 -0.542185097619 
1 -0.277200327719 -0.275058852189 -0.282995085469 -0.236682344458 -0.304574427985 
0 -0.215656001565 -0.0594079355554 -0.19771825978 -0.103324866547 0.845596109978 
0 -0.113082124641 -0.0919590173114 -0.0698030212454 -0.128329393655 -0.738710271638 
0 -0.0802584840254 -0.0919590173114 -0.0527476561075 -0.0866551818082 -0.496601548721 
0 -0.0802584840254 -0.116372328628 -0.103913751521 -0.161668763133 -0.897522373305 
1 -0.162317585564 -0.197750033018 -0.159343688219 -0.207510396165 -0.703797873971 
1 -0.19514122618 -0.0594079355554 -0.138024481797 -0.0116416004834 0.744235807029 
0 0.0756538088983 0.217276259371 0.100750630133 0.263408197708 3.83634593018 
0 0.256183832284 0.209138488932 0.21161050353 0.246738512969 0.31123899375 
0 0.24797792213 0.201000718493 0.12633367784 0.146720404536 0.452255420865 
0 0.141301090129 0.119623014103 0.117805995271 0.138385562166 -0.312346635244 
0 0.10027153936 0.0952097027857 0.0922229475646 0.0383674537332 -0.475737192337 
0 0.0510360784367 0.119623014103 0.117805995271 0.130050719797 -0.252286233629 
0 0.0920656292061 0.14403632542 0.151916725547 0.180059774013 -0.265056774178 
0 0.165918820591 0.192862948054 0.186027455823 0.155055246905 -0.62957776143 
0 0.165918820591 0.184725177615 0.220138186099 0.188394616383 -0.867036560348 
0 0.149507000283 0.192862948054 0.220138186099 0.238403670599 -0.511408943586 
0 0.198742461207 0.192862948054 0.151916725547 0.105046192689 -0.722308234249 
0 0.0838597190522 0.0952097027857 0.109278312702 0.0800416655803 -0.950190244452 
0 0.0838597190522 0.103347473225 0.143389042978 0.138385562166 -0.970822327976 
0 0.157712910437 0.135898554981 0.203082820961 0.188394616383 -1.04998717238 
0 0.215154281514 0.160311866298 0.12633367784 0.0717068232109 -0.595942864497 
0 0.0674478987444 0.0382453097127 0.0325291695819 -0.00330675811396 -0.833839408422 
1 0.026418347975 -0.0105813129214 0.024001487013 -0.0199764428528 -0.715500852718 
1 -0.039228933256 0.0545208505907 0.024001487013 0.055037138472 -0.740760526311 
0 0.10027153936 0.168449636737 0.143389042978 0.23006882823 -0.158925944015 
0 0.223360191668 0.168449636737 0.228665868668 0.205064301122 -1.02482576807 
0 0.198742461207 0.168449636737 0.177499773254 0.146720404536 -0.682973718659 
0 0.10027153936 0.168449636737 0.168972090685 0.23006882823 -0.909350422054 
0 0.141301090129 0.192862948054 0.203082820961 0.180059774013 -0.698151856744 
0 0.141301090129 0.160311866298 0.203082820961 0.213399143491 -1.00006637449 
0 0.20694837136 0.241689570688 0.254248916374 0.221733985861 -0.794504892832 
0 0.198742461207 0.22541402981 0.271304281512 0.271743040077 -0.905893129859 
0 0.239772011976 0.201000718493 0.228665868668 0.213399143491 -0.966284073622 
0 0.141301090129 0.14403632542 0.186027455823 0.130050719797 -0.826192271164 
0 0.141301090129 0.160311866298 0.160444408116 0.163390089275 -1.04557845481 
0 0.0838597190522 0.0626586210297 0.0922229475646 0.0383674537332 -0.981984825643 
0 -0.039228933256 -0.0268568537994 -0.0356922909696 -0.0866551818082 -0.0706667237626 
0 -0.0802584840254 -0.0349946242384 -0.0527476561075 -0.0366461275917 -0.372058627568 
1 -0.0966703043332 -0.10009678775 -0.103913751521 -0.103324866547 -0.318961944986 
0 -0.039228933256 0.176587407176 -0.0271646084007 0.163390089275 1.8769680133 
0 0.157712910437 0.168449636737 0.100750630133 0.0383674537332 -0.0495164930882 
0 0.157712910437 0.111485243664 0.0922229475646 0.130050719797 -0.0776929777965 
0 0.0674478987444 0.0952097027857 0.0922229475646 0.055037138472 -0.42012570936 
0 0.0756538088983 0.0545208505907 0.0922229475646 0.113381035058 -1.10287391603 
0 0.116683359668 0.0952097027857 0.143389042978 0.146720404536 -0.903557000896 
0 0.108477449514 0.103347473225 0.151916725547 0.155055246905 -0.993754806177 
0 0.116683359668 0.119623014103 0.151916725547 0.113381035058 -0.997439904446 
0 0.116683359668 0.0789341619077 0.117805995271 0.0800416655803 -1.08384094181 
0 0.026418347975 0.0219697688346 0.0751675824267 0.055037138472 -0.995626389419 
0 0.00180061751338 -0.0105813129214 0.00694612187511 -0.0366461275917 -0.673745339235 
0 -0.0802584840254 -0.0594079355554 -0.103913751521 -0.128329393655 0.264771021268 
0 -0.186935316026 -0.18147449214 -0.184926735926 -0.144999078394 -0.544923237303 
0 -0.178729405872 -0.189612262579 -0.210509783633 -0.21167781735 -0.501220205219 
0 -0.203347136334 -0.197750033018 -0.214773624917 -0.236682344458 0.015153631453 
1 -0.203347136334 -0.157061180823 -0.155079846935 -0.178338447872 0.631985480346 
0 -0.227964866795 -0.165198951262 -0.184926735926 -0.128329393655 -0.824401090066 
0 -0.104876214487 -0.157061180823 -0.103913751521 -0.144999078394 -0.448512133 
0 -0.162317585564 -0.197750033018 -0.180662894642 -0.215845238534 -0.40685935559 
0 -0.19514122618 -0.157061180823 -0.142288323081 -0.111659708916 -0.489365355756 
0 -0.129493944949 -0.148923410384 -0.193454418495 -0.119994551286 -0.321007732874 
0 -0.0966703043332 -0.108234558189 -0.0783307038143 -0.0783203394388 -0.870828861476 
0 -0.0720525738716 -0.0756834764334 -0.0527476561075 -0.0699854970694 -0.904830034843 
0 -0.0638466637177 -0.0838212468724 -0.0442199735386 -0.0699854970694 -0.689298687325 
0 0.00180061751338 -0.0512701651164 -0.0271646084007 -0.0866551818082 0.343381984232 
0 -0.0310230231022 -0.0756834764334 -0.0356922909696 -0.0533158123305 0.0177711679208 
0 -0.0474348434099 -0.0512701651164 -0.0186369258317 -0.0783203394388 0.553236047022 
0 -0.0228171129483 0.0301075392737 0.0154738044441 0.0717068232109 0.405626644094 
1 0.026418347975 0.0870719323467 0.0666398998577 0.0800416655803 0.315419905242 
0 0.0756538088983 0.168449636737 0.100750630133 0.163390089275 1.05198841379 
0 0.20694837136 0.201000718493 -0.00158156069383 0.055037138472 2.39175167424 
0 0.124889269822 0.0707963914687 -0.00158156069383 -0.0116416004834 0.643652724807 
0 -0.0146112027944 -0.0594079355554 -0.172135212073 -0.215845238534 3.4295825498 
0 -0.182832360949 -0.230301114774 -0.167871370788 -0.207510396165 0.773167178535 
0 -0.199244181257 -0.246576655652 -0.189190577211 -0.20334297498 0.249811755686 
0 -0.223861911718 -0.234369999994 -0.193454418495 -0.249184608012 0.188447052623 
0 -0.273097372642 -0.254714426091 -0.231828990055 -0.245017186827 -0.132268166472 
0 -0.223861911718 -0.242507770433 -0.227565148771 -0.215845238534 -0.280770926556 
0 -0.178729405872 -0.230301114774 -0.159343688219 -0.186673290241 0.176002587437 
0 -0.227964866795 -0.238438885213 -0.265939720331 -0.257519450381 0.855784848345 
0 -0.252582597257 -0.283196622628 -0.23609283134 -0.270021713936 -0.514834968281 
0 -0.293612148026 -0.307609933945 -0.270203561616 -0.320030768152 -0.388974345322 
0 -0.314126923411 -0.344229900921 -0.282995085469 -0.336700452891 0.536521334629 
0 -0.297715103103 -0.344229900921 -0.287258926753 -0.311695925783 0.611420398609 
0 -0.326435788642 -0.34829878614 -0.282995085469 -0.307528504598 0.319091603154 
0 -0.305921013257 -0.336092130482 -0.270203561616 -0.311695925783 0.288243980548 
0 -0.318229878488 -0.356436556579 -0.282995085469 -0.324198189337 -0.0300055727957 
0 -0.334641698796 -0.327954360042 -0.282995085469 -0.336700452891 0.654270274609 
0 -0.314126923411 -0.283196622628 -0.282995085469 -0.253352029197 0.57852252133 
0 -0.256685552334 -0.279127737408 -0.227565148771 -0.265854292751 -0.0751871109732 
0 -0.285406237873 -0.275058852189 -0.231828990055 -0.240849765643 0.809147138003 
0 -0.240273732026 -0.254714426091 -0.193454418495 -0.21167781735 -0.527216898466 
0 -0.186935316026 -0.222163344335 -0.15081600565 -0.20334297498 -0.318600135338 
0 -0.227964866795 -0.270989966969 -0.300050450607 -0.349202716445 0.898415851841 
0 -0.326435788642 -0.356436556579 -0.291522768038 -0.324198189337 -0.706652150086 
0 -0.351053519104 -0.388987638335 -0.334161180883 -0.349202716445 0.00567511202513 
0 -0.383877159719 -0.388987638335 -0.334161180883 -0.382542085923 -0.194856768839 
0 -0.351053519104 -0.388987638335 -0.329897339598 -0.361704979999 -0.812769579891 
0 -0.351053519104 -0.35236767136 -0.304314291891 -0.320030768152 -0.785611522341 
0 -0.310023968334 -0.303541048725 -0.282995085469 -0.270021713936 -0.631306407527 
0 -0.252582597257 -0.299472163506 -0.23609283134 -0.265854292751 -0.806739419087 
0 -0.30181805818 -0.315747704384 -0.31284197446 -0.35337013763 0.38570477951 
1 -0.379774204642 -0.425607605311 -0.517506356115 -0.520066985018 1.86409026989 
0 -0.498759901873 -0.42967649053 -0.470604101986 -0.399211770662 0.33702128128 
0 -0.379774204642 -0.425607605311 -0.479131784555 -0.520066985018 0.452157151578 
0 -0.523377632335 -0.563949702774 -0.700851531347 -0.695098674776 3.49549890757 
0 -0.687495835413 -0.669740718481 -0.67526848364 -0.670094147668 1.05676787457 
0 -0.638260374489 -0.686016259359 -1.18692943778 -0.653424462929 4.89618465929 
0 -0.642363329566 -0.624982981066 -0.602783181804 -0.590913145158 0.840477173473 
0 -0.580819003412 -0.600569669749 -0.577200134098 -0.557573775681 0.19803277491 
0 -0.572613093258 -0.620914095847 -0.585727816666 -0.615917672267 -0.391185404283 
0 -0.613642644028 -0.637189636725 -0.662476959787 -0.699266095961 -0.025668323802 
0 -0.703907655721 -0.629051866286 -0.671004642356 -0.653424462929 -0.603585534969 
0 -0.666981060028 -0.702291800237 -0.658213118503 -0.686763832407 -0.455520519891 
0 -0.662878104951 -0.686016259359 -0.641157753365 -0.682596411222 -0.518493265835 
0 -0.638260374489 -0.669740718481 -0.666740801071 -0.682596411222 -0.458794673869 
1 -0.683392880336 -0.710429570676 -0.739226102907 -0.757609992547 0.749689752468 
1 -0.749040161567 -0.6738096037 -0.726434579054 -0.657591884114 -0.0686790040899 
0 -0.625951509259 -0.600569669749 -0.624102388227 -0.557573775681 0.464396144618 
0 -0.547995362797 -0.59243189931 -0.568672451529 -0.611750251082 0.280730846864 
0 -0.564407183105 -0.608707440188 -0.572936292813 -0.595080566343 0.23556717583 
0 -0.589024913566 -0.633120751505 -0.602783181804 -0.603415408713 0.0307695145443 
0 -0.580819003412 -0.59243189931 -0.564408610244 -0.607582829897 0.51889093115 
0 -0.679289925259 -0.67787848892 -0.705115372632 -0.682596411222 0.833133777648 
0 -0.679289925259 -0.726705111554 -0.692323848778 -0.720103201885 -0.113940944412 
0 -0.703907655721 -0.726705111554 -0.67526848364 -0.690931253592 0.13840118473 
1 -0.69159879049 -0.665671833261 -0.658213118503 -0.661759305299 -0.0461842708954 
1 -0.65056923972 -0.580225243652 -0.611310864373 -0.540904090942 1.18475915435 
0 -0.498759901873 -0.441883146189 -0.462076419417 -0.407546613031 1.66110165685 
0 -0.404391935104 -0.454089801847 -0.457812578132 -0.470057930802 -0.0653333815397 
0 -0.453627396027 -0.502916424481 -0.517506356115 -0.545071512127 -0.053911810297 
0 -0.576716048335 -0.580225243652 -0.564408610244 -0.578410881604 -0.204187884336 
0 -0.658775149874 -0.67787848892 -0.709379213916 -0.745107728993 1.48669600602 
0 -0.740834251413 -0.75925619331 -0.83729445245 -0.836790995056 0.9670703493 
0 -0.85161403849 -0.856909438578 -0.871405182726 -0.886800049273 0.175488907072 
0 -0.872128813875 -0.893529405553 -0.862877500157 -0.870130364534 -0.0188788094145 
0 -0.843408128337 -0.877253864675 -0.862877500157 -0.903469734012 -0.449865569092 
0 -0.925467229875 -0.885391635114 -0.896988230433 -0.861795522165 -0.792811981021 
0 -0.868025858798 -0.877253864675 -0.83729445245 -0.85762810098 -0.556858488911 
0 -0.85161403849 -0.848771668139 -0.824502928597 -0.828456152687 -0.736963758397 
0 -0.818790397875 -0.852840553358 -0.83729445245 -0.824288731502 -0.355245645887 
0 -0.79827562249 -0.828427242041 -0.845822135019 -0.836790995056 -0.141737752328 
0 -0.900849499414 -0.873184979456 -0.871405182726 -0.895134891642 -0.313306994187 
0 -0.909055409568 -0.905736061212 -0.905515913002 -0.932641682305 0.0671425511612 
1 -0.933673140029 -0.934218257748 -0.943890484562 -0.924306839935 -0.227571507901 
0 -0.913158364645 -0.706360685456 -0.888460547864 -0.682596411222 0.901301395456 
0 -0.675186970182 -0.706360685456 -0.713643055201 -0.703433517146 -0.0604422511092 
0 -0.765451981875 -0.75518730809 -0.824502928597 -0.865962943349 0.336873877349 
1 -0.85161403849 -0.812151701163 -0.820239087312 -0.803451625579 -0.711981025523 
0 -0.85161403849 -0.710429570676 -0.820239087312 -0.682596411222 0.619983226952 
0 -0.679289925259 -0.694154029798 -0.739226102907 -0.682596411222 -0.183171657235 
0 -0.675186970182 -0.702291800237 -0.709379213916 -0.728438044254 0.308594656568 
0 -0.720319476028 -0.767393963749 -0.888460547864 -0.907637155197 -0.426289873738 
0 -0.950084960337 -0.978975995163 -0.969473532269 -0.974315894152 0.0469035447863 
0 -0.987011556029 -1.01559596214 -0.978001214838 -1.00348784244 -0.432552307404 
0 -0.991114511106 -0.995251536041 -0.978001214838 -0.986818157706 -0.415699124651 
0 -0.94598200526 -0.950493798626 -0.965209690985 -0.995153000076 0.393776261417 
1 -0.958290870491 -0.991182650821 -0.982265056122 -1.00348784244 0.403219046558 
0 -0.987011556029 -0.92201160209 -0.9609458497 -0.911804576381 0.250365637123 
0 -0.900849499414 -0.893529405553 -0.896988230433 -0.907637155197 0.0317477406304 
0 -0.868025858798 -0.860978323797 -0.862877500157 -0.840958416241 -0.486917557148 
0 -0.822893352952 -0.869116094236 -0.841558293735 -0.85762810098 -0.60196409173 
1 -0.876231768952 -0.877253864675 -0.905515913002 -0.853460679795 -0.0076493099604 
0 -0.843408128337 -0.856909438578 -0.858613658873 -0.861795522165 -0.639431490863 
0 -0.753143116644 -0.795876160285 -0.820239087312 -0.861795522165 -0.0807527260567 
0 -0.826996308029 -0.75925619331 -0.794656039606 -0.795116783209 -0.210816594436 
0 -0.79827562249 -0.787738389846 -0.786128357037 -0.761777413732 -0.493586468319 
0 -0.765451981875 -0.775531734188 -0.76054530933 -0.782614519655 -0.576096935271 
0 -0.794172667413 -0.804013930724 -0.773336833183 -0.803451625579 -0.609973038636 
0 -0.74493720649 -0.775531734188 -0.752017626761 -0.774279677286 -0.486926490719 
1 -0.802378577567 -0.848771668139 -0.88419670658 -0.890967470458 -0.234392289789 
1 -0.847511083413 -0.873184979456 -0.850085976304 -0.836790995056 -0.31998483893 
0 -0.761349026798 -0.751118422871 -0.747753785476 -0.728438044254 0.358064309095 
0 -0.679289925259 -0.710429570676 -0.730698420339 -0.774279677286 0.28093631901 
0 -0.695701745567 -0.718567341115 -0.709379213916 -0.720103201885 -0.21309912197 
0 -0.753143116644 -0.75518730809 -0.743489944192 -0.7159357807 -0.440494252523 
0 -0.703907655721 -0.714498455895 -0.734962261623 -0.7159357807 -0.334216018429 
0 -0.679289925259 -0.726705111554 -0.781864515752 -0.824288731502 -0.00618867100992 
0 -0.818790397875 -0.83656501248 -0.828766769881 -0.799284204394 -0.695284180272 
0 -0.785966757259 -0.824358356822 -0.9609458497 -0.957646209413 0.600360637015 
0 -0.94598200526 -0.958631569065 -0.88419670658 -0.924306839935 -0.576289007059 
0 -0.950084960337 -0.942356028187 -0.931098960709 -0.92847426112 -0.177690911082 
0 -0.937776095106 -0.913873831651 -0.909779754286 -0.924306839935 -0.737048627327 
0 -0.909055409568 -0.901667175992 -0.88419670658 -0.890967470458 -0.87219123114 
0 -0.896746544337 -0.926080487309 -0.92257127814 -0.957646209413 -0.784535026968 
0 -0.94598200526 -0.950493798626 -0.948154325847 -0.957646209413 -0.768132989579 
0 -0.941879050183 -0.889460520334 -0.931098960709 -0.886800049273 -0.655632522892 
0 -0.880334724029 -0.92201160209 -0.931098960709 -0.961813630598 -0.802250299376 
0 -0.950084960337 -0.942356028187 -0.92257127814 -0.92847426112 -1.03129814067 
0 -0.962393825568 -0.995251536041 -0.965209690985 -0.961813630598 -0.987805047516 
0 -0.987011556029 -0.991182650821 -0.9609458497 -0.986818157706 -0.200006972845 
0 -0.982908600953 -0.983044880382 -0.965209690985 -0.974315894152 -0.524282220208 
0 -0.987011556029 -1.01559596214 -0.973737373553 -1.01182268481 -0.344034013576 
0 -0.978805645876 -0.962700454285 -0.952418167131 -0.953478788228 0.525023828028 
0 -0.921364274798 -0.958631569065 -0.939626643278 -0.953478788228 -0.186124202637 
0 -0.933673140029 -0.970838224724 -1.1528187075 -1.02432494837 0.934355610238 
0 -0.991114511106 -1.01966484736 -1.04622267539 -1.08266884495 -0.00313785632132 
0 -1.06496770249 -1.06035369955 -1.11870797723 -1.05349689666 -0.346843621833 
0 -1.03214406188 -1.02373373258 -1.08886108823 -1.1243430568 -0.68744050444 
0 -1.13061498372 -1.12952474828 -1.13576334236 -1.13267789917 -0.51434808863 
0 -1.08548247788 -1.12952474828 -1.16987407264 -1.19518921694 -0.67977550004 
0 -1.17574748957 -1.20276468224 -1.20398480291 -1.22019374405 -0.190590988418 
0 -1.20036522003 -1.14580028916 -1.18692943778 -1.18685437457 0.399417811858 
0 -1.16754157941 -1.1742824857 -1.19545712035 -1.19518921694 -0.363897809946 
0 -1.15523271418 -1.17021360048 -1.1528187075 -1.1785195322 -0.494225218686 
0 -1.15112975911 -1.15800694482 -1.16987407264 -1.14934758391 -0.27333372823 
0 -1.16754157941 -1.12545586306 -1.14855486622 -1.14101274154 -0.148388796357 
0 -1.17985044465 -1.16207583004 -1.24662321576 -1.14518016273 -0.0724221705746 
0 -1.15523271418 -1.19869579702 -1.22104016805 -1.2326960076 -0.217190697746 
0 -1.21267408526 -1.21904022311 -1.41291302585 -1.36605348551 0.178722859977 
1 -1.40551297388 -1.32890012404 -1.42996839099 -1.36605348551 0.688932532271 
0 -1.39730706372 -1.32890012404 -1.43423223228 -1.33688153722 -0.103542267113 
1 -1.27832136649 -1.31669346838 -1.32337235888 -1.32437927367 -0.410803527435 
0 -1.31935091726 -1.21090245267 -1.36601077172 -1.22019374405 0.132393357854 
0 -1.24960068095 -1.24345353443 -1.25515089833 -1.25770053471 -0.503078388104 
0 -1.29883614188 -1.21090245267 -1.28499778732 -1.25770053471 -0.0484578648581 
1 -1.2947331868 -1.22310910833 -1.2892616286 -1.25770053471 0.304413745077 
0 -1.23729181572 -1.23531576399 -1.25088705704 -1.21602632287 -0.0210318001611 
0 -1.13882089388 -1.12952474828 -1.22956785062 -1.2326960076 -0.313918943839 
1 -1.20036522003 -1.24345353443 -1.29778931117 -1.32437927367 -0.746330608181 
1 -1.31935091726 -1.26786684575 -1.3446915653 -1.27437021945 -0.644103748791 
0 -1.23729181572 -1.12952474828 -1.22104016805 -1.14101274154 0.573894931261 
0 -1.12651202865 -1.09290478131 -1.14002718365 -1.08683626614 0.283017841184 
0 -1.07317361265 -1.10104255175 -1.05901419924 -1.07850142377 -0.413072654612 
0 -1.05676179234 -1.07662924043 -1.05901419924 -1.05349689666 -0.818402196761 
1 -1.02393815172 -1.06849146999 -1.05901419924 -1.0701665814 -0.826772953316 
0 -0.991114511106 -0.934218257748 -1.00358426254 -0.903469734012 0.849933358972 
0 -0.888540634183 -0.909804946431 -0.952418167131 -0.957646209413 -0.143676337357 
0 -0.94598200526 -0.942356028187 -0.943890484562 -0.932641682305 -0.706665550443 
0 -0.937776095106 -0.946424913407 -0.9609458497 -0.974315894152 -1.19055245413 
0 -0.966496780645 -0.909804946431 -0.956682008416 -0.878465206904 -0.615828994795 
0 -0.933673140029 -0.934218257748 -0.973737373553 -0.99932042126 -0.547464838413 
52078.0570652 52730.0271739 51318.5461957 52039.673913 368382.486413 
12186.338641873574 12288.378094411659 11726.515286131505 11997.82738145481 223874.62684981126 
